200|-1||-1||0|0|-1|0
300|-1||-1||0|0|-1|0
400|-1||-1||0|0|-1|0
500|-1||-1||0|0|-1|0
600|-1||-1||0|0|-1|0
700|-1||-1||0|0|-1|0
800|-1||-1||0|0|-1|0
900|-1||-1||0|0|-1|0
1000|-1||-1||0|0|-1|0
1100|-1||-1||0|0|-1|0
1200|-1||-1||0|0|-1|0
1300|-1||-1||0|0|-1|0
1400|-1||-1||0|0|-1|0
1500|-1||-1||0|0|-1|0
1600|-1||-1||0|0|-1|0
1700|-1||-1||0|0|-1|0
1800|-1||-1||0|0|-1|0
1900|-1||-1||0|0|-1|0
2000|-1||-1||0|0|-1|0
2100|-1||-1||0|0|-1|0
2200|-1||-1||0|0|-1|0
2300|-1||-1||0|0|-1|0
10000|-1||-1||0|0|-1|0
10100|-1||-1||0|0|-1|0
