21,100,582,399,783,560,1,5,2,40,88,91,89,92,1230,,,,,,50,50,10,10,100,,,,,,,,
22,100,591,552,685,695,1,5,3,20,88,91,89,92,94,1230,,,,,30,30,30,30,10,100,,,,,,,
23,100,423,552,594,788,1,5,5,30,90,93,94,1230,,,,,,,30,30,30,100,,,,,,,,,
24,100,541,375,592,554,1,5,4,20,89,92,96,99,95,98,1230,,,,30,30,40,40,5,5,100,,,,,,
25,100,479,355,541,557,1,5,5,30,90,93,97,100,1230,,,,,,20,20,20,20,100,,,,,,,,
26,100,425,387,480,554,1,5,6,40,97,100,101,,,,,,,,20,20,10,,,,,,,,,,
27,100,403,316,526,391,1,5,5,20,90,93,97,100,,,,,,,30,30,30,30,,,,,,,,,
28,100,11,567,155,707,1,5,2,20,104,107,110,113,,,,,,,30,30,10,10,,,,,,,,,
29,100,208,524,308,682,1,5,5,20,89,108,111,114,,,,,,,30,30,10,10,,,,,,,,,
30,100,63,392,308,524,1,5,8,20,105,108,89,114,,,,,,,30,30,20,20,,,,,,,,,
31,100,308,524,426,691,1,5,5,30,106,109,111,114,,,,,,,30,30,5,5,,,,,,,,,
32,100,128,315,202,392,1,5,10,30,115,112,116,,,,,,,,30,30,30,50,80,,,,,,,,
33,100,308,387,426,524,1,5,10,40,117,115,112,,,,,,,,30,30,30,,,,,,,,,,
34,100,444,299,494,315,1,5,10,40,90,93,97,100,,,,,,,1,1,1,1,,,,,,,,,
36,100,1,1,799,799,0,0,1,1,,,,,,,,,,,,,,,,,,,,,,,
37,100,365,440,416,486,1,6,8,60,118,119,176,177,117,179,180,101,178,181,1,3,3,3,3,3,3,3,3,3,,,
38,100,547,115,699,241,1,5,3,100,122,126,129,120,124,159,163,167,164,,20,20,20,1,1,20,20,20,1,,,,
39,100,547,241,679,331,1,5,4,100,122,126,129,158,162,166,793,,,,1,1,1,1,1,1,6,,,,,,
40,100,539,297,587,374,1,5,5,500,122,126,129,1130,,,,,,,4,4,4,1,,,,,,,,,
41,100,587,331,630,343,1,5,3,110,122,126,129,158,162,166,,,,,20,20,20,,,,,,,,,,
42,100,532,332,595,361,1,5,5,110,122,126,129,158,162,166,,,,,20,20,20,,,,,,,,,,
43,100,524,325,546,346,1,5,2,120,122,126,129,158,162,166,,,,,20,20,20,,,,,,,,,,
44,100,504,298,547,325,1,5,3,100,132,136,140,,,,,,,,20,20,20,,,,,,,,,,
45,100,434,237,547,298,1,5,3,100,132,136,140,121,125,128,157,161,165,,20,20,20,20,20,20,20,20,20,,,,
46,100,434,176,547,237,1,5,5,100,133,137,141,158,162,166,205,127,129,794,1,1,1,1,1,1,1,1,1,9,,,
47,100,434,115,547,176,1,5,5,100,134,139,142,131,135,794,,,,,10,10,10,1,1,30,,,,,,,
48,100,180,25,434,120,1,5,5,100,146,150,153,,,,,,,,30,30,30,,,,,,,,,,
49,100,180,120,315,200,1,5,5,100,146,150,153,143,147,,,,,,30,30,30,1,1,,,,,,,,
50,100,315,120,434,200,1,5,4,100,145,149,152,,,,,,,,30,30,30,,,,,,,,,,
51,100,180,200,360,282,1,5,3,100,144,148,151,792,1315,1316,,,,,15,15,15,60,50,80,,,,,,,
52,100,360,200,433,314,1,5,3,100,144,148,151,792,,,,,,,15,15,15,75,,,,,,,,,
54,100,556,345,621,393,1,5,10,50,169,170,,,,,,,,,1,1,,,,,,,,,,,
55,100,614,393,621,403,1,5,10,50,169,170,,,,,,,,,1,1,,,,,,,,,,,
56,100,621,341,645,412,1,5,10,50,169,170,711,,,,,,,,6,6,4,,,,,,,,,,
57,100,633,329,662,403,1,5,10,50,169,170,,,,,,,,,1,1,,,,,,,,,,,
58,100,273,282,353,366,1,5,10,50,171,172,173,174,175,791,,,,,1,5,5,5,5,20,,,,,,,
59,1000,1,1,159,159,0,0,5,1,,,,,,,,,,,,,,,,,,,,,,,
60,1100,1,1,129,149,0,0,5,1,,,,,,,,,,,,,,,,,,,,,,,
61,2000,1,1,149,149,0,0,5,1,,,,,,,,,,,,,,,,,,,,,,,
62,1300,1,1,99,99,0,0,5,1,,,,,,,,,,,,,,,,,,,,,,,
63,1400,1,1,149,149,0,0,5,1,,,,,,,,,,,,,,,,,,,,,,,
64,100,11,524,208,708,1,5,5,10,105,108,111,114,116,,,,,,30,30,20,20,10,,,,,,,,
65,100,568,538,610,578,1,5,4,30,89,92,94,,,,,,,,1,1,1,,,,,,,,,,
66,100,432,236,546,315,1,5,3,5,132,136,140,121,125,128,157,161,165,,20,20,20,20,20,20,20,20,20,,,,
67,100,433,306,446,315,1,5,3,20,88,91,89,92,94,,,,,,30,30,30,30,10,,,,,,,,
68,100,433,310,499,315,1,5,3,20,88,91,89,92,94,,,,,,30,30,30,30,10,,,,,,,,
70,100,520,323,538,338,1,5,2,120,122,126,129,158,162,166,127,,,,20,20,20,20,20,20,20,,,,,,
72,10001,1,1,49,49,1,7,5,1,183,188,192,,,,,,,,20,20,20,,,,,,,,,,
73,10002,1,1,49,49,1,7,6,1,184,188,193,,,,,,,,20,20,20,,,,,,,,,,
74,10003,1,1,27,32,1,7,7,10,196,200,197,201,203,,,,,,1,1,10,20,15,,,,,,,,
75,10003,1,1,49,49,1,7,8,1,185,190,194,,,,,,,,20,20,20,,,,,,,,,,
76,10004,1,1,49,49,1,7,8,1,197,201,203,,,,,,,,10,20,15,,,,,,,,,,
77,10005,1,1,49,49,1,7,10,1,198,202,204,,,,,,,,10,20,15,,,,,,,,,,
78,10006,1,1,49,99,1,7,10,1,186,191,195,797,,,,,,,10,10,10,30,,,,,,,,,
79,10101,1,1,49,49,1,7,3,1,206,209,210,213,216,,,,,,15,1,10,10,1,,,,,,,,
80,10102,1,1,49,49,1,7,4,1,207,211,214,,,,,,,,10,5,10,,,,,,,,,,
81,10103,1,1,49,49,1,7,5,1,208,212,215,,,,,,,,10,10,10,,,,,,,,,,
82,1200,1,1,129,129,0,0,5,1,,,,,,,,,,,,,,,,,,,,,,,
83,10007,1,1,59,59,0,0,5,1,,,,,,,,,,,,,,,,,,,,,,,
86,997,1,1,200,200,0,1,1,1,107,,,,,,,,,,1,,,,,,,,,,,,
87,200,550,282,652,403,1,5,2,1,226,229,227,230,232,799,,,,,10,10,5,5,5,45,,,,,,,
88,200,516,238,772,452,1,5,4,1,228,231,233,414,,,,,,,1,1,1,3,,,,,,,,,
89,200,384,42,605,238,1,5,8,1,228,231,233,235,,,,,,,10,10,10,1,,,,,,,,,
90,200,384,42,605,238,1,5,8,1,236,238,228,231,233,237,,,,,10,10,1,1,5,1,,,,,,,
91,200,384,238,516,415,1,5,8,1,236,238,228,231,233,234,,,,,10,10,5,5,5,1,,,,,,,
92,200,384,415,516,528,1,6,8,1,236,238,239,,,,,,,,10,10,10,,,,,,,,,,
93,200,467,156,506,197,2,6,8,2,236,238,239,,,,,,,,10,10,5,,,,,,,,,,
94,200,441,123,177,480,2,6,10,2,239,238,236,,,,,,,,10,5,5,,,,,,,,,,
95,200,262,565,333,686,1,5,2,5,240,243,246,241,244,,,,,,10,10,3,5,5,,,,,,,,
96,200,95,499,304,565,1,5,3,5,242,245,247,255,,,,,,,10,10,10,5,,,,,,,,,
97,200,30,327,251,502,1,5,6,5,256,258,,,,,,,,,1,1,,,,,,,,,,,
98,200,333,565,401,666,1,7,5,5,242,245,247,255,,,,,,,10,10,10,5,,,,,,,,,
99,200,304,494,401,565,1,7,5,5,242,245,247,255,,,,,,,10,10,10,5,,,,,,,,,
100,200,401,506,433,617,1,7,5,5,242,245,247,255,,,,,,,10,10,10,5,,,,,,,,,
101,200,401,506,433,617,1,7,5,5,242,245,247,255,,,,,,,10,10,10,5,,,,,,,,,
102,200,430,526,439,544,1,7,5,5,242,245,247,255,,,,,,,10,10,10,5,,,,,,,,,
103,200,231,248,314,327,1,5,6,5,256,258,,,,,,,,,1,1,,,,,,,,,,,
104,200,314,278,320,296,1,5,6,5,256,258,,,,,,,,,1,1,,,,,,,,,,,
105,200,320,287,326,296,1,5,6,5,256,258,,,,,,,,,1,1,,,,,,,,,,,
106,200,422,325,428,359,1,5,8,5,259,256,,,,,,,,,1,1,,,,,,,,,,,
107,200,402,320,414,327,1,5,8,5,259,256,,,,,,,,,1,1,,,,,,,,,,,
108,200,384,314,402,327,1,5,8,5,259,256,,,,,,,,,1,1,,,,,,,,,,,
109,200,367,305,384,327,1,5,8,5,259,256,,,,,,,,,1,1,,,,,,,,,,,
110,200,410,367,417,377,1,5,8,5,259,256,,,,,,,,,1,1,,,,,,,,,,,
111,200,407,367,410,393,1,5,8,5,259,256,,,,,,,,,1,1,,,,,,,,,,,
112,200,407,325,422,367,1,5,8,5,259,256,,,,,,,,,1,1,,,,,,,,,,,
113,200,332,327,407,446,1,5,8,5,259,256,,,,,,,,,1,1,,,,,,,,,,,
114,200,251,446,396,499,1,5,6,5,256,258,255,257,,,,,,,10,10,10,1,,,,,,,,,
115,200,251,327,332,446,1,5,6,5,258,256,254,247,245,242,,,,,10,10,1,10,5,5,,,,,,,
116,200,91,564,250,671,1,7,8,10,249,712,,,,,,,,,9,1,,,,,,,,,,,
117,200,194,551,250,577,1,5,6,15,248,,,,,,,,,,1,,,,,,,,,,,,
118,200,91,557,158,572,1,5,6,15,249,,,,,,,,,,1,,,,,,,,,,,,
119,200,314,296,367,327,1,7,5,5,242,245,247,255,,,,,,,10,10,10,5,,,,,,,,,
120,3000,1,1,149,149,0,0,5,1,,,,,,,,,,,,,,,,,,,,,,,
121,4000,1,1,149,149,0,0,5,1,,,,,,,,,,,50,40,30,20,30,,,,,,,,
122,3100,1,1,119,119,0,0,5,1,,,,,,,,,,,,,,,,,,,,,,,
123,3200,1,1,119,119,0,0,5,1,,,,,,,,,,,,,,,,,,,,,,,
124,3300,1,1,119,119,0,0,5,1,,,,,,,,,,,,,,,,,,,,,,,
125,3400,1,1,119,119,0,0,5,1,,,,,,,,,,,,,,,,,,,,,,,
126,200,500,402,513,458,1,5,5,50,283,287,290,,,,,,,,10,20,15,,,,,,,,,,
127,200,497,409,517,444,1,5,5,50,283,287,290,,,,,,,,10,20,15,,,,,,,,,,
128,200,515,428,527,435,1,5,5,50,283,287,290,,,,,,,,10,20,15,,,,,,,,,,
129,200,515,416,522,428,1,5,5,50,283,287,290,,,,,,,,10,20,15,,,,,,,,,,
130,200,513,435,520,444,1,5,5,50,283,287,290,,,,,,,,10,20,15,,,,,,,,,,
131,200,513,444,520,458,1,5,5,50,283,287,290,,,,,,,,10,20,15,,,,,,,,,,
132,200,503,455,527,488,1,5,5,50,283,287,290,,,,,,,,10,20,15,,,,,,,,,,
133,200,503,462,619,618,1,5,6,50,261,265,283,287,290,,,,,,1,1,10,10,10,,,,,,,,
134,200,486,498,496,512,1,5,6,50,261,265,283,287,290,,,,,,1,1,10,10,10,,,,,,,,
135,200,471,506,493,514,1,5,6,50,261,265,283,287,290,,,,,,1,1,10,10,10,,,,,,,,
136,200,466,513,507,618,1,5,6,50,261,265,283,287,290,,,,,,1,1,10,10,10,,,,,,,,
137,200,481,616,695,807,1,5,6,60,284,288,291,265,276,279,811,,,,10,10,10,5,5,5,45,,,,,,
138,200,602,616,695,722,1,5,8,70,288,284,291,287,283,290,286,282,393,,5,5,5,5,5,5,1,1,10,,,,
139,200,451,694,493,922,1,5,6,70,261,265,268,284,288,291,,,,,10,10,10,5,5,5,,,,,,,
140,200,77,806,553,1068,1,5,6,30,287,283,284,288,291,261,265,268,803,801,2,2,5,5,5,5,5,5,35,40,,,
141,200,365,805,452,932,1,6,6,50,261,265,268,284,288,291,,,,,10,10,10,5,5,5,,,,,,,
142,200,339,844,365,944,1,6,6,50,261,265,268,284,288,291,,,,,10,10,10,5,5,5,,,,,,,
143,200,238,859,340,982,1,6,7,50,262,266,269,285,289,292,272,276,394,,20,20,20,10,10,10,1,1,10,,,,
144,200,155,900,237,964,1,7,8,50,263,267,270,272,276,279,,,,,10,10,10,5,5,5,,,,,,,
145,200,212,964,237,999,1,7,8,50,263,267,270,272,276,279,,,,,10,10,10,5,5,5,,,,,,,
146,200,63,1067,112,1168,1,5,10,50,261,265,268,260,264,,,,,,20,20,20,1,1,,,,,,,,
147,200,346,667,360,743,1,5,8,200,273,277,280,289,285,292,263,267,270,275,20,20,20,5,5,5,5,5,5,1,,,
148,200,360,667,365,735,1,5,8,200,273,277,280,289,285,292,263,267,270,,20,20,20,5,5,5,5,5,5,,,,
149,200,365,667,372,713,1,5,8,200,273,277,280,289,285,292,263,267,270,,20,20,20,5,5,5,5,5,5,,,,
150,200,419,619,485,644,1,5,8,200,273,277,280,289,285,292,263,267,270,271,20,20,20,5,5,5,5,5,5,1,,,
151,200,372,639,473,713,1,5,8,200,273,277,280,289,285,292,263,267,270,,20,20,20,5,5,5,5,5,5,,,,
152,200,244,687,332,814,1,5,10,200,281,278,274,270,263,267,,,,,20,20,20,5,5,5,,,,,,,
153,200,226,745,244,790,1,5,10,200,281,278,274,270,263,267,,,,,20,20,20,5,5,5,,,,,,,
154,200,230,790,244,796,1,5,10,200,281,278,274,270,263,267,,,,,20,20,20,5,5,5,,,,,,,
155,200,236,796,244,803,1,5,10,200,281,278,274,270,263,267,,,,,20,20,20,5,5,5,,,,,,,
156,200,250,814,327,819,1,5,10,200,281,278,274,270,263,267,,,,,20,20,20,5,5,5,,,,,,,
157,200,284,819,320,830,1,5,10,200,281,278,274,270,263,267,,,,,20,20,20,5,5,5,,,,,,,
158,200,320,819,324,825,1,5,10,200,281,278,274,270,263,267,,,,,20,20,20,5,5,5,,,,,,,
159,200,270,819,284,826,1,5,10,200,281,278,274,270,263,267,,,,,20,20,20,5,5,5,,,,,,,
160,200,332,750,339,805,1,5,10,200,281,278,274,270,263,267,,,,,20,20,20,5,5,5,,,,,,,
161,200,339,741,345,775,1,5,10,200,281,278,274,270,263,267,,,,,20,20,20,5,5,5,,,,,,,
162,200,345,744,352,761,1,5,10,200,281,278,274,270,263,267,,,,,20,20,20,5,5,5,,,,,,,
163,200,150,750,226,806,1,5,5,50,293,296,299,,,,,,,,10,10,10,,,,,,,,,,
164,200,39,656,150,804,1,7,8,100,294,297,300,314,808,,,,,,20,20,20,1,65,,,,,,,,
165,200,151,673,243,749,1,7,8,100,294,297,300,316,,,,,,,10,10,10,1,,,,,,,,,
166,200,40,666,94,719,2,7,10,150,315,294,297,300,,,,,,,1,10,10,10,,,,,,,,,
167,200,311,211,441,345,1,5,5,3,309,308,307,800,,,,,,,8,8,5,25,,,,,,,,,
168,200,340,170,410,211,1,5,5,3,309,308,306,,,,,,,,10,10,1,,,,,,,,,,
169,200,410,192,422,211,1,5,5,3,309,308,,,,,,,,,1,1,,,,,,,,,,,
170,200,422,203,430,211,1,5,5,3,309,308,,,,,,,,,1,1,,,,,,,,,,,
171,200,441,257,466,324,1,5,5,3,309,308,,,,,,,,,1,1,,,,,,,,,,,
172,200,441,324,454,338,1,5,5,3,309,308,,,,,,,,,1,1,,,,,,,,,,,
173,200,454,324,461,334,1,5,5,3,309,308,,,,,,,,,1,1,,,,,,,,,,,
174,200,441,226,451,257,1,5,5,3,309,308,,,,,,,,,1,1,,,,,,,,,,,
175,200,451,236,458,257,1,5,5,3,309,308,,,,,,,,,1,1,,,,,,,,,,,
176,200,456,253,461,261,1,5,5,3,309,308,,,,,,,,,1,1,,,,,,,,,,,
177,200,189,787,205,875,1,5,10,100,273,277,280,272,276,279,,,,,10,10,10,5,5,5,,,20,,,,
178,200,205,780,213,864,1,5,10,100,273,277,280,272,276,279,,,,,10,10,10,5,5,5,,,,,,,
179,200,213,783,219,847,1,5,10,100,273,277,280,272,276,279,,,,,10,10,10,5,5,5,,,,,,,
180,200,219,783,232,841,1,5,10,100,273,277,280,272,276,279,,,,,10,10,10,5,5,5,,,,,,,
181,200,232,800,243,836,1,5,10,100,273,277,280,272,276,279,,,,,10,10,10,5,5,5,,,,,,,
182,200,243,815,249,826,1,5,10,100,273,277,280,272,276,279,,,,,10,10,10,5,5,5,,,,,,,
183,200,167,791,189,869,1,5,10,100,273,277,280,272,276,279,,,,,10,10,10,5,5,5,,,,,,,
184,200,150,805,167,869,1,5,10,100,273,277,280,272,276,279,,,,,10,10,10,5,5,5,,,,,,,
185,200,94,805,150,875,1,5,10,100,273,277,280,272,276,279,,,,,10,10,10,5,5,5,,,,,,,
186,200,590,438,617,479,1,6,10,90,302,303,304,305,,,,,,,1,1,1,1,,,,,,,,,
187,200,594,453,661,514,1,6,10,500,302,303,304,305,1131,,,,,,3,3,3,3,1,,,,,,,,
188,200,588,507,598,519,1,6,10,90,302,303,304,305,,,,,,,1,1,1,1,,,,,,,,,
189,200,521,435,527,454,1,6,10,100,310,311,312,313,,,,,,,1,1,1,1,,,,,,,,,
190,200,527,425,568,475,1,6,10,100,310,311,312,313,,,,,,,1,1,1,1,,,,,,,,,
191,200,532,475,561,484,1,6,10,100,310,311,312,313,,,,,,,1,1,1,1,,,,,,,,,
192,200,548,400,565,480,1,6,10,100,310,311,312,313,,,,,,,1,1,1,1,,,,,,,,,
193,200,523,416,617,427,1,6,10,100,310,311,312,313,,,,,,,1,1,1,1,,,,,,,,,
194,200,540,409,619,416,1,6,10,100,310,311,312,313,,,,,,,1,1,1,1,,,,,,,,,
195,200,600,383,626,406,1,6,10,100,310,311,312,313,,,,,,,1,1,1,1,,,,,,,,,
196,200,561,402,623,409,1,6,10,100,310,311,312,313,,,,,,,1,1,1,1,,,,,,,,,
197,200,582,392,591,404,1,6,10,100,310,311,312,313,,,,,,,1,1,1,1,,,,,,,,,
198,200,591,387,600,406,1,6,10,100,310,311,312,313,,,,,,,1,1,1,1,,,,,,,,,
199,200,588,425,616,441,1,6,10,100,310,311,312,313,,,,,,,1,1,1,1,,,,,,,,,
200,200,568,423,577,467,1,6,10,100,310,311,312,313,,,,,,,1,1,1,1,,,,,,,,,
201,200,575,421,590,460,1,6,10,100,310,311,312,313,,,,,,,1,1,1,1,,,,,,,,,
202,200,582,438,595,448,1,6,10,100,310,311,312,313,,,,,,,1,1,1,1,,,,,,,,,
203,10201,0,0,39,59,1,7,10,1,318,320,321,,,,,,,,20,10,10,,,,,,,,,,
204,10202,0,0,39,59,1,7,8,1,318,320,321,1017,,,,,,,1,1,1,5,,,,,,,,,
205,10203,0,0,39,59,1,7,10,1,320,318,321,806,,,,,,,20,10,10,45,,,,,,,,,
206,10203,6,27,18,36,1,7,10,10,320,318,321,319,,,,,,,20,10,10,1,,,,,,,,,
207,10201,18,27,31,41,1,7,10,10,318,320,321,317,,,,,,,20,10,10,1,,,,,,,,,
208,10204,0,0,199,50,1,5,5,1,322,323,324,325,326,,,,,,1,1,1,1,1,,,,,,,,
209,20301,0,0,299,149,1,7,8,1,329,,,,,,,,,,1,,,,,,,,,,,,
210,20301,140,10,210,140,1,8,8,10,329,332,331,328,330,,,,,,20,10,5,1,1,,,,,,,,
211,20101,0,0,49,69,1,7,3,1,334,337,339,,,,,,,,20,10,10,,,,,,,,,,
212,20102,0,0,39,69,1,7,4,1,335,337,339,333,802,,,,,,20,10,10,1,40,,,,,,,,
213,20103,0,0,49,49,1,7,5,1,337,334,339,,,,,,,,20,10,10,,,,,,,,,,
214,20104,0,0,39,39,1,7,6,1,338,334,340,336,804,,,,,,20,10,10,1,40,,,,,,,,
215,20105,0,0,49,69,0,0,5,1,,,,,,,,,,,,,,,,,,,,,,,
216,20401,0,0,49,49,1,7,3,1,342,346,,,,,,,,,30,10,,,,,,,,,,,
217,20402,0,0,49,49,1,7,4,1,343,346,,,,,,,,,20,10,,,,,,,,,,,
218,20403,0,0,49,49,1,7,5,1,343,347,,,,,,,,,20,20,,,,,,,,,,,
219,20404,0,0,49,49,1,7,5,1,347,344,341,,,,,,,,30,10,1,,,,,,,,,,
220,20405,0,0,49,49,1,7,5,1,348,344,345,,,,,,,,30,10,1,,,,,,,,,,
221,20406,0,0,49,69,0,0,5,1,,,,,,,,,,,,,,,,,,,,,,,
222,200,371,866,450,926,1,5,5,300,349,261,265,268,284,288,291,,,,1,2,2,2,2,2,2,,,,,,
223,100,363,122,430,198,1,5,4,500,145,149,152,350,,,,,,,5,5,5,1,,,,,,,,,
224,100,363,202,430,252,1,5,3,500,144,148,151,350,,,,,,,5,5,5,1,,,,,,,,,
225,11101,0,0,69,69,1,3,5,1,351,352,353,431,,,,,,,1,1,5,1,,,,,,,,,
226,11102,0,0,49,49,1,3,5,1,351,352,353,431,,,,,,,1,5,1,1,,,,,,,,,
227,11103,0,0,49,49,1,3,5,1,351,352,353,431,,,,,,,5,1,1,1,,,,,,,,,
228,11104,0,0,49,49,1,3,5,1,354,355,356,431,,,,,,,1,1,1,1,,,,,,,,,
229,11105,0,0,49,49,1,3,5,1,354,355,356,431,,,,,,,1,1,1,1,,,,,,,,,
230,11106,0,0,49,49,1,3,5,1,357,358,359,431,,,,,,,1,1,1,1,,,,,,,,,
231,11107,0,0,49,49,0,0,5,1,,,,,,,,,,,,,,,,,,,,,,,
232,11001,0,0,49,49,1,7,3,1,361,364,,,,,,,,,20,10,,,,,,,,,,,
233,11002,0,0,49,49,1,7,4,1,361,364,,,,,,,,,10,20,,,,,,,,,,,
234,11003,0,0,49,49,1,7,6,1,361,362,364,366,360,,,,,,20,20,10,20,1,,,,,,,,
235,11004,0,0,49,49,1,7,8,1,364,365,362,366,363,1309,,,,,10,10,5,10,1,50,,,,,,,
236,11005,0,0,49,49,1,7,10,1,362,365,367,,,,,,,,10,10,10,,,,,,,,,,
237,10601,0,0,49,49,1,2,2,1,369,373,368,408,411,795,,,,,15,10,1,5,1,35,20,,,,,,
238,10602,0,0,49,49,1,7,3,1,369,373,376,372,408,409,411,412,796,,5,10,5,1,5,2,1,1,30,20,,,
239,10603,0,0,49,49,1,7,5,1,370,374,408,409,410,411,412,413,,,25,15,10,5,3,1,1,1,20,,,,
240,10604,0,0,49,49,1,1,5,1,370,374,377,408,409,411,412,,,,10,20,10,10,5,1,1,20,,,,,
241,10605,0,0,49,49,1,7,5,1,378,371,375,408,411,,,,,,40,15,15,10,10,20,,,,,,,
242,10701,0,0,80,80,1,7,5,1,380,383,,,,,,,,,10,10,,,,,,,,,,,
243,10702,0,0,49,49,1,7,5,1,381,383,379,,,,,,,,30,15,1,,,,,,,,,,
244,10703,0,0,79,79,1,7,5,1,380,383,,,,,,,,,10,10,,,,,,,,,,,
245,10704,0,0,49,49,1,7,5,1,381,384,382,,,,,,,,15,30,1,,,,,,,,,,
246,10705,0,0,79,79,1,7,5,1,380,383,,,,,,,,,10,10,,,,,,,,,,,
247,11006,0,0,49,49,0,0,5,1,,,,,,,,,,,,,,,,,,,,,,,
248,10402,0,0,49,49,1,5,8,1,386,390,,,,,,,,,20,10,,,,,,,,,,,
249,10403,0,0,49,49,1,5,8,1,386,390,,,,,,,,,10,20,,,,,,,,,,,
250,10404,0,0,49,49,1,5,8,1,387,391,,,,,,,,,20,10,,,,,,,,,,,
251,10405,0,0,49,49,1,5,8,1,387,391,,,,,,,,,10,20,,,,,,,,,,,
252,10406,0,0,49,49,1,5,8,1,388,392,385,,,,,,,,20,10,1,,,,,,,,,,
253,10407,0,0,49,49,1,5,8,1,388,392,389,,,,,,,,10,20,1,,,,,,,,,,
254,10408,0,0,49,49,0,,8,1,,,,,,,,,,,,,,,,,,,,,,,
256,101,0,0,29,29,0,0,5,1,,,,,,,,,,,,,,,,,,,,,,,
257,200,327,708,457,813,1,5,6,1,287,283,284,288,291,261,265,268,,,5,5,10,10,10,10,10,10,,,,,
258,20801,0,0,69,69,1,7,5,1,395,397,399,403,1209,,,,,,20,10,10,10,20,,,,,,,,
259,20802,0,0,49,49,1,7,5,1,397,395,399,403,1210,,,,,,10,20,10,10,20,,,,,,,,
260,20803,0,0,49,49,1,7,5,1,395,397,398,403,1211,,,,,,10,10,20,10,20,,,,,,,,
261,20804,0,0,49,49,1,7,5,1,396,398,400,403,404,1212,,,,,2,2,8,8,1,10,,,,,,,
262,20805,0,0,49,49,1,7,5,1,396,398,400,403,405,,,,,,2,8,2,8,1,,,,,,,,
263,20806,0,0,49,49,1,7,5,1,396,398,400,403,406,,,,,,8,2,2,8,1,,,,,,,,
264,20807,0,0,49,49,0,0,5,1,,,,,,,,,,,,,,,,,,,,,,,
265,100,463,294,480,300,1,5,10,200,90,93,97,100,,,,,,,1,1,1,1,,,,,,,,,
267,1099,21,39,27,46,1,7,1,1,414,,,,,,,,,,1,,,,,,,,,,,,
268,20501,0,0,60,60,1,3,10,1,416,419,422,,,,,,,,20,10,30,,,,,,,,,,
269,20502,0,0,60,60,1,3,10,1,419,416,422,,,,,,,,20,10,30,,,,,,,,,,
270,20503,0,0,60,60,1,3,10,1,416,420,422,,,,,,,,20,10,30,,,,,,,,,,
271,20504,0,0,60,60,1,3,10,1,420,416,422,,,,,,,,20,10,30,,,,,,,,,,
272,20505,0,0,60,60,1,3,10,1,417,421,422,,,,,,,,20,10,30,,,,,,,,,,
273,20506,0,0,60,60,1,3,10,1,421,417,422,,,,,,,,20,10,30,,,,,,,,,,
274,20507,0,0,60,60,1,3,10,1,418,421,422,415,,,,,,,20,10,30,1,,,,,,,,,
275,20508,0,0,25,25,0,0,5,1,,,,,,,,,,,,,,,,,,,,,,,
276,20601,0,0,59,59,1,7,2,1,423,,,,,,,,,,1,,,,,,,,,,,,
277,20602,0,0,69,49,1,7,3,1,423,,,,,,,,,,1,,,,,,,,,,,,
278,20603,0,0,49,69,1,7,3,1,423,1220,,,,,,,,,50,1,,,,,,,,,,,
279,20604,0,0,59,59,1,7,4,1,423,430,,,,,,,,,10,1,,,,,,,,,,,
280,20605,0,0,59,79,1,7,4,1,423,430,,,,,,,,,10,1,,,,,,,,,,,
281,20606,0,0,69,49,1,7,5,1,423,430,,,,,,,,,10,1,,,,,,,,,,,
282,20607,0,0,79,59,0,0,5,1,,,,,,,,,,,,,,,,,,,,,,,
283,10901,0,0,50,50,1,5,4,1,424,,,,,,,,,,1,,,,,,,,,,,,
284,10912,0,0,40,40,1,5,4,1,424,,,,,,,,,,1,,,,,,,,,,,,
285,10913,0,0,50,50,1,5,4,1,424,,,,,,,,,,1,,,,,,,,,,,,
286,10914,0,0,40,60,1,5,4,1,425,,,,,,,,,,1,,,,,,,,,,,,
287,10915,0,0,60,40,1,5,4,1,425,,,,,,,,,,1,,,,,,,,,,,,
288,10916,0,0,20,80,1,5,4,1,425,,,,,,,,,,1,,,,,,,,,,,,
289,10917,0,0,100,30,1,5,4,1,426,,,,,,,,,,1,,,,,,,,,,,,
290,10918,0,0,30,30,1,5,4,1,426,,,,,,,,,,1,,,,,,,,,,,,
291,10919,0,0,20,20,0,0,4,1,,,,,,,,,,,1,,,,,,,,,,,,
292,10920,0,0,100,100,0,0,4,1,,,,,,,,,,,1,,,,,,,,,,,,
293,20701,0,0,50,50,1,5,4,1,427,,,,,,,,,,1,,,,,,,,,,,,
294,20702,0,0,60,70,1,5,4,1,427,,,,,,,,,,1,,,,,,,,,,,,
295,20703,0,0,30,30,1,5,4,1,427,,,,,,,,,,1,,,,,,,,,,,,
296,20704,0,0,20,20,1,5,4,1,427,,,,,,,,,,1,,,,,,,,,,,,
297,20705,0,0,20,40,1,5,4,1,427,,,,,,,,,,1,,,,,,,,,,,,
298,20706,0,0,50,50,1,5,4,1,428,,,,,,,,,,1,,,,,,,,,,,,
299,20707,0,0,60,40,1,5,4,1,428,,,,,,,,,,1,,,,,,,,,,,,
300,20708,0,0,40,70,1,5,4,1,428,,,,,,,,,,1,,,,,,,,,,,,
301,20709,0,0,60,60,1,5,4,1,429,,,,,,,,,,1,,,,,,,,,,,,
302,20710,0,0,50,50,1,5,4,1,429,,,,,,,,,,1,,,,,,,,,,,,
303,20711,0,0,30,40,0,0,4,1,,,,,,,,,,,1,,,,,,,,,,,,
304,20712,0,0,50,50,0,0,4,1,,,,,,,,,,,1,,,,,,,,,,,,
305,300,159,205,252,383,1,5,5,1,433,436,,,,,,,,,1,1,,,,,,,,,,,
306,300,198,383,322,469,1,5,5,1,433,436,,,,,,,,,1,1,,,,,,,,,,,
307,300,252,276,319,383,1,5,5,1,433,436,,,,,,,,,1,1,,,,,,,,,,,
308,300,223,348,246,374,1,5,5,5,436,435,,,,,,,,,80,1,,,,,,,,,,,
309,300,161,331,191,361,1,5,5,5,433,432,,,,,,,,,80,1,,,,,,,,,,,
310,300,322,383,496,540,1,5,5,10,463,465,466,,,,,,,,1,1,1,,,,,,,,,,
311,300,319,231,486,383,1,5,5,20,439,441,442,,,,,,,,1,1,1,,,,,,,,,,
312,300,425,78,564,238,1,5,5,30,444,446,,,,,,,,,1,1,,,,,,,,,,,
313,300,318,146,425,221,1,5,5,20,444,446,,,,,,,,,1,1,,,,,,,,,,,
314,300,490,78,529,108,1,5,5,50,444,446,443,,,,,,,,60,20,1,,,,,,,,,,
315,300,427,100,459,126,1,5,5,50,444,446,445,,,,,,,,20,60,1,,,,,,,,,,
316,300,85,37,233,195,1,5,5,70,449,451,452,714,1019,1020,1221,,,,15,15,15,10,20,20,1,,,,,,
317,300,233,106,276,165,1,5,5,70,449,451,452,1019,1020,,,,,,1,1,1,10,10,,,,,,,,
318,300,221,85,251,112,1,5,5,70,449,451,452,1019,1020,,,,,,1,1,1,10,10,,,,,,,,
319,31001,0,0,49,49,0,0,5,1,,,,,,,,,,,20,,,,,,,,,,,,
320,31002,0,0,49,49,0,0,5,1,,,,,,,,,,,,,,,,,,,,,,,
321,31003,0,0,24,24,0,0,5,1,,,,,,,,,,,,,,,,,,,,,,,
322,31101,0,0,49,49,0,0,5,1,1328,,,,,,,,,,20,,,,,,,,,,,,
323,31102,0,0,49,49,0,0,5,1,,,,,,,,,,,,,,,,,,,,,,,
324,31103,0,0,24,24,0,0,5,1,,,,,,,,,,,,,,,,,,,,,,,
325,31201,0,0,49,49,1,7,2,1,455,458,459,,,,,,,,20,10,10,,,,,,,,,,
326,31202,0,0,39,59,1,7,3,1,458,455,459,,,,,,,,20,10,10,,,,,,,,,,
327,31203,0,0,49,49,1,7,4,1,456,461,460,,,,,,,,20,10,10,,,,,,,,,,
328,31204,0,0,59,59,1,7,5,1,461,456,460,454,457,,,,,,30,15,15,1,1,,,,,,,,
329,31205,0,0,24,24,0,0,5,1,,,,,,,,,,,,,,,,,,,,,,,
330,300,449,517,466,531,1,5,5,50,463,465,462,466,,,,,,,20,10,1,10,,,,,,,,,
331,300,367,456,380,469,1,5,5,50,463,465,464,466,827,,,,,,10,20,1,10,100,,,,,,,,
332,300,393,267,406,280,1,5,5,20,439,441,442,438,,,,,,,60,20,20,1,,,,,,,,,
333,300,403,346,418,363,1,5,5,20,439,441,442,440,,,,,,,20,60,20,1,,,,,,,,,
334,31301,0,0,39,119,1,7,10,1,467,468,469,470,471,1123,1231,,,,5,20,5,20,10,10,20,,,,,,
335,31501,0,0,39,119,1,7,10,1,467,468,469,470,471,,,,,,20,5,20,5,10,,,,,,,,
336,31401,0,0,119,39,1,7,5,1,473,475,477,1218,1232,,,,,,10,10,10,1,10,,,,,,,,
337,31401,45,27,52,35,1,7,5,10,473,475,477,472,,,,,,,15,15,15,1,,,,,,,,,
338,31701,0,0,49,49,1,7,5,1,478,481,484,,,,,,,,20,10,10,,,,,,,,,,
339,31702,0,0,49,49,1,7,5,1,478,483,484,,,,,,,,10,20,10,,,,,,,,,,
340,31703,0,0,49,49,1,7,5,1,479,482,485,,,,,,,,10,10,20,,,,,,,,,,
341,31704,0,0,49,49,1,7,5,1,479,482,485,487,1021,,,,,,10,10,10,20,20,,,,,,,,
342,31705,0,0,49,69,1,4,5,1,480,483,486,488,,,,,,,10,10,10,20,,,,,,,,,
343,31706,0,0,49,79,1,4,5,1,480,483,486,489,,,,,,,10,10,10,20,,,,,,,,,
344,31706,2,23,7,62,100,100,5,10,480,483,486,489,,,,,,,10,10,10,20,,,,,,,,,
345,31706,32,23,36,62,100,100,5,10,480,483,486,489,,,,,,,10,10,10,20,,,,,,,,,
346,31601,0,0,69,69,1,7,5,1,490,492,494,,,,,,,,20,10,10,,,,,,,,,,
347,31602,0,0,69,69,1,7,5,1,490,492,494,496,,,,,,,10,20,10,20,,,,,,,,,
348,31603,0,0,99,99,0,0,5,1,,,,,,,,,,,,,,,,,,,,,,,
349,31604,0,0,69,69,1,7,5,1,490,492,494,,,,,,,,10,10,20,,,,,,,,,,
350,31605,0,0,69,69,1,7,5,1,491,493,495,496,497,,,,,,20,10,10,10,5,,,,,,,,
351,31606,0,0,99,99,0,0,5,1,,,,,,,,,,,,,,,,,,,,,,,
352,31607,0,0,69,69,1,7,5,1,491,493,495,,,,,,,,10,20,10,,,,,,,,,,
353,31608,0,0,69,69,1,7,5,1,491,493,495,497,,,,,,,10,10,20,10,,,,,,,,,
354,31609,0,0,99,99,0,0,5,1,,,,,,,,,,,,,,,,,,,,,,,
355,31610,0,0,49,49,0,0,5,1,,,,,,,,,,,,,,,,,,,,,,,
356,31801,0,0,49,49,1,7,8,1,502,504,506,508,,,,,,,2,1,1,6,,,,,,,,,
357,31802,0,0,49,49,1,7,8,1,502,504,506,508,,,,,,,1,2,1,6,,,,,,,,,
358,31803,0,0,49,49,1,7,10,1,503,505,507,508,,,,,,,2,1,1,6,,,,,,,,,
359,31804,0,0,49,49,1,7,10,1,503,505,507,1219,,,,,,,20,20,10,1,,,,,,,,,
360,31805,0,0,49,49,0,0,5,1,,,,,,,,,,,,,,,,,,,,,,,
361,31806,0,0,49,49,1,2,5,1,499,501,826,1327,,,,,,,1,1,2,1,,,,,,,,,
362,31806,3,5,7,9,1,2,5,10,499,501,498,1327,,,,,,,50,50,1,20,,,,,,,,,
363,31806,36,36,39,39,1,2,5,10,499,501,500,826,,,,,,,25,25,1,50,10,,,,,,,,
364,5000,0,0,89,89,0,0,5,1,,,,,,,,,,,,,,,,,,,,,,,
365,5100,0,0,89,89,0,0,5,1,,,,,,,,,,,,,,,,,,,,,,,
366,6000,0,0,91,116,0,0,5,1,,,,,,,,,,,,,,,,,,,,,,,
367,31901,0,0,79,79,1,7,5,1,511,515,,,,,,,,,1,1,1,1,,,,,,,,,
368,31902,0,0,14,9,0,0,5,1,,,,,,,,,,,,,,,,,,,,,,,
369,31903,0,0,79,79,1,7,5,1,511,515,518,,,,,,,,1,1,1,,,,,,,,,,
370,31904,0,0,59,69,1,7,5,1,512,516,,,,,,,,,1,1,,,,,,,,,,,
371,31905,0,0,59,59,1,7,5,1,512,516,519,,,,,,,,1,1,1,,,,,,,,,,
372,31906,0,0,59,59,1,7,5,1,513,517,,,,,,,,,1,1,,,,,,,,,,,
373,31907,0,0,59,49,1,7,10,1,513,517,520,521,522,,,,,,1,1,1,1,1,,,,,,,,
374,31908,0,0,59,59,1,7,5,1,511,515,520,,,,,,,,1,1,1,,,,,,,,,,
375,31909,0,0,19,29,0,0,5,1,,,,,,,,,,,,,,,,,,,,,,,
376,31910,0,0,19,19,0,0,5,1,,,,,,,,,,,,,,,,,,,,,,,
377,31911,0,0,19,19,0,0,5,1,,,,,,,,,,,,,,,,,,,,,,,
378,300,112,37,162,74,1,3,5,100,449,451,452,448,,,,,,,60,20,40,1,,,,,,,,,
379,300,93,121,117,157,1,3,5,100,449,451,452,450,824,,,,,,5,15,10,1,35,,,,,,,,
380,31906,21,25,29,33,1,3,5,10,513,517,514,,,,,,,,40,60,1,,,,,,,,,,
381,31904,18,13,24,20,1,3,5,10,512,516,509,,,,,,,,60,40,1,,,,,,,,,,
#382,400,0,0,149,148,1,5,10,1,523,524,525,526,527,529,809,,,,2,2,2,2,2,1,15,,,,,,
#383,400,0,0,149,148,1,3,10,10,523,524,525,526,527,529,528,713,809,,10,10,10,10,10,2,1,12,65,,,,
384,30201,0,0,49,49,1,7,6,1,530,531,532,,,,,,,,30,10,10,,,,,,,,,,
385,30202,0,0,49,49,1,7,8,1,530,531,532,,,,,,,,30,10,10,,,,,,,,,,
386,30203,0,0,99,99,1,7,10,1,530,531,532,823,,,,,,,10,10,10,30,,,,,,,,,
387,30204,0,0,49,49,1,7,8,1,530,531,532,,,,,,,,10,30,10,,,,,,,,,,
388,30205,0,0,49,49,1,7,6,1,530,531,532,,,,,,,,10,30,10,,,,,,,,,,
389,30101,0,0,99,99,1,7,5,1,533,537,,,,,,,,,2,1,,,,,,,,,,,
390,30102,0,0,39,39,1,7,5,1,533,537,,,,,,,,,2,1,,,,,,,,,,,
391,30103,0,0,69,69,1,7,5,1,534,537,,,,,,,,,2,1,,,,,,,,,,,
392,30104,0,0,49,49,1,7,5,1,534,537,,,,,,,,,2,1,,,,,,,,,,,
393,30105,0,0,29,29,1,7,5,1,535,537,,,,,,,,,2,1,,,,,,,,,,,
394,30106,0,0,49,49,1,7,5,1,535,537,,,,,,,,,2,1,,,,,,,,,,,
395,30107,0,0,49,69,1,7,5,1,536,537,,,,,,,,,2,1,,,,,,,,,,,
396,30108,0,0,29,29,1,7,5,1,536,537,,,,,,,,,2,1,,,,,,,,,,,
397,40,0,0,19,19,0,0,5,1,,,,,,,,,,,,,,,,,,,,,,,
398,200,360,213,424,284,1,5,5,10,309,308,539,540,541,,,,,,3,3,2,3,3,,,,,,,,
399,20901,0,0,69,69,1,7,5,1,550,551,552,553,,,,,,,10,3,3,4,,,,,,,,,
400,20902,0,0,59,59,1,7,6,1,546,547,548,549,,,,,,,10,3,3,4,,,,,,,,,
401,20903,0,0,49,49,1,7,5,1,542,543,544,545,,,,,,,10,3,3,4,,,,,,,,,
402,201,0,0,29,39,0,0,5,1,,,,,,,,,,,,,,,,,,,,,,,
406,41,3,6,33,19,1,5,10,1,558,559,563,564,,,,,,,5,5,1,1,,,,,,,,,
407,41,3,6,17,34,1,5,10,10,558,559,563,564,,,,,,,5,5,1,1,,,,,,,,,
408,41,36,51,65,63,1,5,10,1,558,559,557,563,564,,,,,,25,25,1,5,5,,,,,,,,
409,41,51,36,65,63,1,5,10,10,558,559,563,564,,,,,,,5,5,1,1,,,,,,,,,
410,41,4,36,17,49,1,5,10,1,556,555,563,564,,,,,,,5,5,1,1,,,,,,,,,
411,41,20,51,33,63,1,5,10,1,556,555,563,564,,,,,,,5,5,1,1,,,,,,,,,
412,41,36,6,49,19,1,5,10,1,556,555,563,564,,,,,,,5,5,1,1,,,,,,,,,
413,41,51,21,65,34,1,5,10,1,556,555,563,564,,,,,,,5,5,1,1,,,,,,,,,
414,41,3,51,17,64,1,5,10,1,554,561,563,564,,,,,,,5,5,1,1,,,,,,,,,
415,41,52,7,64,18,1,5,10,1,554,561,563,564,,,,,,,5,5,1,1,,,,,,,,,
416,41,19,21,49,49,1,5,10,1,554,561,,,,,,,,,1,1,,,,,,,,,,,
417,42,3,6,33,19,1,5,10,1,558,559,563,564,,,,,,,5,5,1,1,,,,,,,,,
418,42,3,6,17,34,1,5,10,10,558,559,563,564,,,,,,,5,5,1,1,,,,,,,,,
419,42,36,51,65,63,1,5,10,1,558,559,563,564,,,,,,,5,5,1,1,,,,,,,,,
420,42,51,36,65,63,1,5,10,10,558,559,563,564,,,,,,,5,5,1,1,,,,,,,,,
421,42,4,36,17,49,1,5,10,1,556,555,563,564,,,,,,,5,5,1,1,,,,,,,,,
422,42,20,51,33,63,1,5,10,1,556,555,563,564,,,,,,,5,5,1,1,,,,,,,,,
423,42,36,6,49,19,1,5,10,1,556,555,563,564,,,,,,,5,5,1,1,,,,,,,,,
424,42,51,21,65,34,1,5,10,1,556,555,563,564,,,,,,,5,5,1,1,,,,,,,,,
425,42,3,51,17,64,1,5,10,1,554,561,563,564,,,,,,,5,5,1,1,,,,,,,,,
426,42,52,7,64,18,1,5,10,1,554,561,563,564,,,,,,,5,5,1,1,,,,,,,,,
427,42,19,21,49,49,1,5,10,1,554,561,,,,,,,,,1,1,,,,,,,,,,,
429,30600,0,0,29,29,0,0,5,1,,,,,,,,,,,,,,,,,,,,,,,
430,118,0,0,249,179,0,1,8,1,565,566,567,568,569,570,,,,,5,5,5,2,2,5,,,,,,,
431,119,0,0,199,199,0,1,8,1,565,566,567,568,569,570,606,,,,10,10,10,4,10,4,1,,,,,,
432,122,0,0,299,199,0,1,6,1,565,566,567,568,569,570,,,,,5,5,5,5,2,2,,,,,,,
433,120,0,0,29,29,0,0,5,1,,,,,,,,,,,,,,,,,,,,,,,
434,121,0,0,29,29,0,0,5,1,,,,,,,,,,,,,,,,,,,,,,,
435,21001,0,0,84,84,1,3,4,1,571,572,830,,,,,,,,1,1,1,,,,,,,,,,
436,21002,0,0,74,74,1,3,5,1,573,574,605,,,,,,,,3,3,2,,,,,,,,,,
437,21003,0,0,69,69,1,3,5,1,575,576,577,,,,,,,,1,1,1,,,,,,,,,,
438,21004,0,0,69,69,1,3,5,1,578,579,,,,,,,,,1,1,,,,,,,,,,,
439,21005,0,0,64,64,1,4,6,1,580,581,,,,,,,,,1,1,,,,,,,,,,,
440,21006,0,0,64,64,1,4,6,1,582,583,584,,,,,,,,1,1,1,,,,,,,,,,
441,21007,0,0,59,59,1,4,7,1,585,586,,,,,,,,,1,1,,,,,,,,,,,
442,21008,0,0,59,59,1,4,7,1,587,588,,,,,,,,,1,1,,,,,,,,,,,
443,21009,0,0,54,54,1,4,8,1,589,590,591,,,,,,,,1,1,1,,,,,,,,,,
444,21010,0,0,54,54,1,5,5,1,593,595,,,,,,,,,5,1,,,,,,,,,,,
445,21011,0,0,49,49,1,5,5,1,596,597,,,,,,,,,3,1,,,,,,,,,,,
446,21012,0,0,39,39,1,5,5,1,598,599,,,,,,,,,2,1,,,,,,,,,,,
447,21013,0,0,39,39,1,5,5,1,600,601,602,592,594,,,,,,30,30,30,1,1,,,,,,,,
448,21014,0,0,29,29,0,0,5,1,,,,,,,,,,,,,,,,,,,,,,,
449,21015,0,0,19,19,0,0,5,1,,,,,,,,,,,,,,,,,,,,,,,
450,21016,0,0,39,39,1,5,5,1,598,599,,,,,,,,,2,1,,,,,,,,,,,
451,777,0,0,49,49,0,0,5,1,,,,,,,,,,,,,,,,,,,,,,,
452,3413,0,0,29,29,0,0,5,1,,,,,,,,,,,,,,,,,,,,,,,
453,125,16,1,49,29,0,1,1,1,607,,,,,,,,,,1,,,,,,,,,,,,
454,125,16,1,37,24,1,5,5,10,608,,,,,,,,,,1,,,,,,,,,,,,
455,125,22,5,32,20,1,10,10,20,608,,,,,,,,,,1,,,,,,,,,,,,
456,30501,0,0,39,39,1,3,3,1,609,611,613,,,,,,,,10,5,1,,,,,,,,,,
457,30502,0,0,49,49,1,3,6,1,609,611,613,615,,,,,,,5,5,1,1,,,,,,,,,
458,30503,0,0,49,49,1,3,6,1,609,611,613,615,,,,,,,5,5,1,1,,,,,,,,,
459,30504,0,0,29,29,1,3,4,1,609,611,613,,,,,,,,8,5,1,,,,,,,,,,
460,30505,0,0,49,49,1,3,5,1,609,611,613,,,,,,,,8,5,1,,,,,,,,,,
461,30506,0,0,49,49,1,3,4,1,609,611,613,,,,,,,,10,5,1,,,,,,,,,,
462,30507,0,0,49,49,1,3,6,1,609,611,613,615,,,,,,,4,4,1,1,,,,,,,,,
463,30508,0,0,49,49,1,3,10,1,610,612,614,616,821,,,,,,4,4,1,1,8,,,,,,,,
464,30509,0,0,99,49,1,3,7,1,609,611,613,615,,,,,,,4,4,1,1,,,,,,,,,
465,30510,0,0,49,49,1,3,10,1,610,612,614,616,,,,,,,3,3,1,1,,,,,,,,,
466,30511,0,0,49,49,1,3,10,1,610,612,614,616,,,,,,,3,3,1,1,,,,,,,,,
467,30401,0,0,49,49,1,5,5,1,617,620,623,,,,,,,,1,1,1,,,,,,,,,,
468,30402,0,0,49,49,1,5,5,1,618,621,624,,,,,,,,1,1,1,,,,,,,,,,
469,30403,0,0,49,49,1,5,5,1,619,622,625,,,,,,,,1,1,1,,,,,,,,,,
470,300,279,56,424,148,1,3,5,50,626,628,,,,,,,,,1,1,,,,,,,,,,,
471,300,257,148,318,270,1,3,5,50,626,628,,,,,,,,,1,1,,,,,,,,,,,
472,300,257,56,279,108,1,3,5,50,626,628,,,,,,,,,1,1,,,,,,,,,,,
473,300,228,58,262,80,1,3,5,50,626,628,627,,,,,,,,50,50,1,,,,,,,,,,
474,300,318,148,322,215,1,3,5,50,626,628,,,,,,,,,1,1,,,,,,,,,,,
475,300,322,148,327,200,1,3,5,50,626,628,,,,,,,,,1,1,,,,,,,,,,,
476,300,327,148,332,187,1,3,5,50,626,628,,,,,,,,,1,1,,,,,,,,,,,
477,300,332,148,341,173,1,3,5,50,626,628,,,,,,,,,1,1,,,,,,,,,,,
478,300,341,178,356,164,1,3,5,50,626,628,,,,,,,,,1,1,,,,,,,,,,,
479,300,356,148,374,154,1,3,5,50,626,628,,,,,,,,,1,1,,,,,,,,,,,
480,30001,0,0,49,49,1,3,4,1,629,630,631,832,,,,,,,4,1,1,3,,,,,,,,,
481,30002,0,0,29,49,1,3,5,1,632,633,634,,,,,,,,1,4,1,,,,,,,,,,
482,30003,0,0,29,69,1,3,6,1,635,636,637,638,,,,,,,1,1,1,1,,,,,,,,,
483,30004,0,0,59,19,1,3,7,1,639,640,641,,,,,,,,4,1,1,,,,,,,,,,
484,30005,0,0,59,59,1,3,8,1,642,643,644,,,,,,,,1,4,1,,,,,,,,,,
485,30006,0,0,39,39,1,3,9,1,645,646,647,648,,,,,,,1,1,1,1,,,,,,,,,
486,30007,0,0,19,19,1,3,10,1,650,651,652,,,,,,,,1,1,1,,,,,,,,,,
487,30008,0,0,99,99,1,3,10,1,654,655,656,657,,,,,,,1,1,1,1,,,,,,,,,
488,30009,0,0,49,29,1,3,10,1,650,651,652,,,,,,,,1,1,1,,,,,,,,,,
489,30010,0,0,29,49,1,3,9,1,645,646,647,648,649,,,,,,25,25,25,25,1,,,,,,,,
490,30011,0,0,59,39,1,3,8,1,642,643,644,,,,,,,,1,4,1,,,,,,,,,,
491,30012,0,0,39,59,1,3,7,1,639,640,641,,,,,,,,4,1,1,,,,,,,,,,
492,30013,0,0,19,69,1,3,6,1,635,636,637,638,,,,,,,1,1,1,1,,,,,,,,,
493,30014,0,0,69,19,1,3,5,1,632,633,634,,,,,,,,1,4,1,,,,,,,,,,
494,30015,0,0,79,99,1,3,4,1,629,630,631,,,,,,,,4,1,1,,,,,,,,,,
495,30016,0,0,49,99,0,0,5,1,,,,,,,,,,,,,,,,,,,,,,,
496,20302,0,0,99,99,1,3,6,1,658,659,673,660,661,,,,,,10,10,10,5,5,,,,,,,,
497,20303,0,0,99,99,1,3,8,1,663,664,665,666,674,805,,,,,5,5,10,10,10,40,,,,,,,
498,20304,0,0,99,99,1,3,10,1,667,668,669,670,675,,,,,,1,1,1,1,2,,,,,,,,
499,20305,0,0,99,99,1,3,10,1,667,668,669,670,675,,,,,,5,1,1,1,2,,,,,,,,
500,20306,0,0,99,99,1,3,10,1,667,668,669,670,675,805,,,,,1,5,1,1,2,10,,,,,,,
501,20307,0,0,99,99,1,3,10,1,667,668,669,670,675,671,,,,,10,10,50,10,20,1,,,,,,,
502,20308,0,0,99,99,1,3,10,1,667,668,669,670,675,672,,,,,10,10,10,50,20,1,,,,,,,
503,20309,0,0,119,139,0,0,5,1,,,,,,,,,,,,,,,,,,,,,,,
504,11201,0,0,79,79,1,3,4,1,676,678,833,,,,,,,,1,1,1,,,,,,,,,,
505,11202,0,0,79,79,1,3,5,1,676,678,680,,,,,,,,1,1,1,,,,,,,,,,
506,11203,0,0,69,69,1,3,5,1,677,679,681,,,,,,,,1,1,1,,,,,,,,,,
507,11204,0,0,69,69,1,3,6,1,682,685,,,,,,,,,1,1,,,,,,,,,,,
508,11205,0,0,69,69,1,3,6,1,683,686,,,,,,,,,1,1,,,,,,,,,,,
509,11206,0,0,59,59,1,3,6,1,683,686,688,,,,,,,,1,1,1,,,,,,,,,,
510,11207,0,0,59,59,1,3,7,1,684,687,689,,,,,,,,1,1,1,,,,,,,,,,
511,11208,0,0,59,59,1,3,7,1,690,693,696,,,,,,,,1,1,1,,,,,,,,,,
512,11209,0,0,59,59,1,3,8,1,690,693,696,699,,,,,,,1,1,1,1,,,,,,,,,
513,11210,0,0,49,49,1,3,8,1,691,694,697,,,,,,,,1,1,1,,,,,,,,,,
514,11211,0,0,49,49,1,3,9,1,691,694,697,700,,,,,,,1,1,1,1,,,,,,,,,
515,11212,0,0,49,49,1,3,9,1,692,695,698,701,,,,,,,1,1,1,1,,,,,,,,,
516,11213,0,0,49,49,1,3,10,1,702,704,706,,,,,,,,1,1,1,,,,,,,,,,
517,11214,0,0,49,49,1,3,10,1,703,705,707,,,,,,,,1,1,1,,,,,,,,,,
518,11215,0,0,19,19,0,0,5,1,,,,,,,,,,,,,,,,,,,,,,,
519,1006,0,0,39,29,0,0,5,1,,,,,,,,,,,,,,,,,,,,,,,
520,2006,0,0,39,29,0,0,5,1,,,,,,,,,,,,,,,,,,,,,,,
521,3006,0,0,39,29,0,0,5,1,,,,,,,,,,,,,,,,,,,,,,,
522,4006,0,0,29,39,0,0,5,1,,,,,,,,,,,,,,,,,,,,,,,
523,5106,0,0,29,49,0,0,5,1,,,,,,,,,,,,,,,,,,,,,,,
524,800,0,0,49,49,1,2,3,1,708,,,,,,,,,,1,,,,,,,,,,,,
525,801,0,0,49,49,1,2,3,1,708,,,,,,,,,,1,,,,,,,,,,,,
526,802,0,0,49,49,1,2,3,1,708,,,,,,,,,,1,,,,,,,,,,,,
527,803,0,0,49,49,1,2,3,1,708,,,,,,,,,,1,,,,,,,,,,,,
528,804,0,0,49,49,1,2,3,1,708,,,,,,,,,,1,,,,,,,,,,,,
529,805,0,0,49,49,1,2,3,1,708,,,,,,,,,,1,,,,,,,,,,,,
530,806,0,0,49,49,1,2,3,1,708,,,,,,,,,,1,,,,,,,,,,,,
531,807,0,0,49,49,1,2,3,1,708,,,,,,,,,,1,,,,,,,,,,,,
532,808,0,0,49,49,1,2,3,1,708,,,,,,,,,,1,,,,,,,,,,,,
533,809,0,0,49,49,1,2,3,1,708,,,,,,,,,,1,,,,,,,,,,,,
534,820,0,0,49,49,1,2,4,1,709,,,,,,,,,,1,,,,,,,,,,,,
535,821,0,0,49,49,1,2,4,1,709,,,,,,,,,,1,,,,,,,,,,,,
536,822,0,0,49,49,1,2,4,1,709,,,,,,,,,,1,,,,,,,,,,,,
537,823,0,0,49,49,1,2,4,1,709,,,,,,,,,,1,,,,,,,,,,,,
538,824,0,0,49,49,1,2,4,1,709,,,,,,,,,,1,,,,,,,,,,,,
539,825,0,0,49,49,1,2,4,1,709,,,,,,,,,,1,,,,,,,,,,,,
540,826,0,0,49,49,1,2,4,1,709,,,,,,,,,,1,,,,,,,,,,,,
541,827,0,0,49,49,1,2,4,1,709,,,,,,,,,,1,,,,,,,,,,,,
542,828,0,0,49,49,1,2,4,1,709,,,,,,,,,,1,,,,,,,,,,,,
543,829,0,0,49,49,1,2,4,1,709,,,,,,,,,,1,,,,,,,,,,,,
544,840,0,0,49,49,1,2,5,1,710,,,,,,,,,,1,,,,,,,,,,,,
545,841,0,0,49,49,1,2,5,1,710,,,,,,,,,,1,,,,,,,,,,,,
546,842,0,0,49,49,1,2,5,1,710,,,,,,,,,,1,,,,,,,,,,,,
547,843,0,0,49,49,1,2,5,1,710,,,,,,,,,,1,,,,,,,,,,,,
548,844,0,0,49,49,1,2,5,1,710,,,,,,,,,,1,,,,,,,,,,,,
549,845,0,0,49,49,1,2,5,1,710,,,,,,,,,,1,,,,,,,,,,,,
550,846,0,0,49,49,1,2,5,1,710,,,,,,,,,,1,,,,,,,,,,,,
551,847,0,0,49,49,1,2,5,1,710,,,,,,,,,,1,,,,,,,,,,,,
552,848,0,0,49,49,1,2,5,1,710,,,,,,,,,,1,,,,,,,,,,,,
553,849,0,0,49,49,1,2,5,1,710,,,,,,,,,,1,,,,,,,,,,,,
554,811,0,0,49,49,0,0,5,1,,,,,,,,,,,,,,,,,,,,,,,
555,831,0,0,49,49,0,0,5,1,,,,,,,,,,,,,,,,,,,,,,,
556,851,0,0,49,49,0,0,5,1,,,,,,,,,,,,,,,,,,,,,,,
557,810,0,0,49,49,0,0,5,1,,,,,,,,,,,,,,,,,,,,,,,
558,830,0,0,49,49,0,0,5,1,,,,,,,,,,,,,,,,,,,,,,,
559,850,0,0,49,49,0,0,5,1,,,,,,,,,,,,,,,,,,,,,,,
564,300,303,218,331,251,1,3,5,100,626,628,,,,,,,,,1,1,,,,,,,,,,,
565,30301,0,0,49,49,1,5,5,1,715,,,,,,,,,,1,,,,,,,,,,,,
566,30302,0,0,49,49,1,5,5,1,716,,,,,,,,,,1,,,,,,,,,,,,
567,30303,0,0,49,49,1,5,5,1,715,,,,,,,,,,1,,,,,,,,,,,,
568,30304,0,0,49,49,1,5,5,1,716,,,,,,,,,,1,,,,,,,,,,,,
569,30305,0,0,69,69,1,5,5,1,717,819,818,,,,,,,,1,3,3,,,,,,,,,,
570,30305,3,24,63,61,1,5,5,10,717,718,819,818,,,,,,,3,1,3,3,,,,,,,,,
571,30306,0,0,49,49,1,5,5,1,716,,,,,,,,,,1,,,,,,,,,,,,
572,30307,0,0,49,49,1,5,5,1,715,,,,,,,,,,1,,,,,,,,,,,,
573,21201,0,0,119,119,1,3,10,1,719,831,,,,,,,,,3,1,,,,,,,,,,,
574,21202,0,0,119,119,1,3,10,1,719,720,,,,,,,,,1,1,,,,,,,,,,,
575,21203,0,0,119,119,1,3,10,1,720,,,,,,,,,,1,,,,,,,,,,,,
576,21204,0,0,59,59,1,3,10,1,720,721,,,,,,,,,1,1,,,,,,,,,,,
577,21205,0,0,59,59,1,3,10,1,721,,,,,,,,,,1,,,,,,,,,,,,
578,21206,0,0,59,59,1,3,10,1,722,,,,,,,,,,1,,,,,,,,,,,,
579,21207,0,0,59,59,1,3,10,1,722,723,,,,,,,,,1,1,,,,,,,,,,,
580,21208,0,0,59,59,1,3,10,1,723,,,,,,,,,,1,,,,,,,,,,,,
581,21209,0,0,59,59,1,3,10,1,723,724,,,,,,,,,1,1,,,,,,,,,,,
582,21210,0,0,59,59,1,3,10,1,724,,,,,,,,,,1,,,,,,,,,,,,
583,21211,0,0,59,59,1,3,10,1,725,,,,,,,,,,1,,,,,,,,,,,,
584,21212,0,0,59,59,1,3,10,1,725,726,,,,,,,,,1,1,,,,,,,,,,,
585,21213,0,0,59,59,1,3,10,1,726,,,,,,,,,,1,,,,,,,,,,,,
586,21214,0,0,59,59,1,3,10,1,726,727,,,,,,,,,1,1,,,,,,,,,,,
587,21215,0,0,49,99,0,0,10,1,,,,,,,,,,,,,,,,,,,,,,,
588,21301,0,0,39,39,1,3,10,1,719,,,,,,,,,,1,,,,,,,,,,,,
589,21302,0,0,39,39,1,3,10,1,720,,,,,,,,,,1,,,,,,,,,,,,
590,21303,0,0,39,39,1,3,10,1,721,,,,,,,,,,1,,,,,,,,,,,,
591,21304,0,0,39,39,1,3,10,1,722,,,,,,,,,,1,,,,,,,,,,,,
592,21305,0,0,39,39,1,3,10,1,723,,,,,,,,,,1,,,,,,,,,,,,
593,21306,0,0,39,39,1,3,10,1,724,,,,,,,,,,1,,,,,,,,,,,,
594,21307,0,0,39,39,1,3,10,1,725,,,,,,,,,,1,,,,,,,,,,,,
595,21308,0,0,39,39,1,3,10,1,726,727,728,,,,,,,,50,50,1,,,,,,,,,,
596,21309,0,0,59,59,1,3,10,1,725,,,,,,,,,,1,,,,,,,,,,,,
597,21310,0,0,59,59,1,3,10,1,724,,,,,,,,,,1,,,,,,,,,,,,
598,21311,0,0,59,59,1,3,10,1,723,,,,,,,,,,1,,,,,,,,,,,,
599,21312,0,0,59,59,1,3,10,1,722,,,,,,,,,,1,,,,,,,,,,,,
600,21313,0,0,59,59,1,3,10,1,721,,,,,,,,,,1,,,,,,,,,,,,
601,21314,0,0,59,59,1,3,10,1,720,,,,,,,,,,1,,,,,,,,,,,,
602,21315,0,0,59,59,1,3,10,1,719,,,,,,,,,,1,,,,,,,,,,,,
603,31302,0,0,59,59,1,7,10,1,467,468,469,470,471,,,,,,5,20,5,20,10,,,,,,,,
604,30701,0,0,59,59,1,3,5,1,729,,,,,,,,,,1,,,,,,,,,,,,
605,30702,0,0,59,59,1,3,5,1,730,731,,,,,,,,,100,1,,,,,,,,,,,
606,30703,0,0,59,59,1,3,5,1,729,,,,,,,,,,1,,,,,,,,,,,,
607,300,55,197,190,267,1,3,5,100,732,1236,,,,,,,,,1,1,,,,,,,,,,,
608,300,55,267,158,386,1,3,5,100,732,1236,,,,,,,,,1,1,,,,,,,,,,,
609,300,158,267,186,315,1,3,5,100,732,1236,,,,,,,,,1,1,,,,,,,,,,,
610,300,158,315,169,328,1,3,5,100,732,1236,,,,,,,,,1,1,,,,,,,,,,,
611,32001,0,0,59,59,1,3,10,1,733,734,735,737,,,,,,,1,1,1,3,,,,,,,,,
612,32002,0,0,59,59,1,3,10,1,733,734,735,737,,,,,,,3,1,1,1,,,,,,,,,
613,32003,0,0,59,59,1,3,10,1,733,734,735,737,,,,,,,1,3,1,1,,,,,,,,,
614,32004,0,0,59,59,1,3,10,1,733,734,735,737,754,,,,,,1,1,3,1,1,,,,,,,,
615,32005,0,0,59,59,1,3,10,1,733,734,735,736,737,,,,,,25,25,25,1,25,,,,,,,,
616,32006,0,0,59,59,1,3,10,1,739,740,741,742,754,,,,,,1,3,1,1,1,,,,,,,,
617,32007,0,0,59,59,1,3,10,1,739,740,741,742,,,,,,,1,1,3,1,,,,,,,,,
618,32008,0,0,59,59,1,3,10,1,739,740,741,742,754,,,,,,3,1,1,1,1,,,,,,,,
619,32009,0,0,59,59,1,3,10,1,739,740,741,742,738,,,,,,25,25,25,25,1,,,,,,,,
620,32010,0,0,99,99,1,3,10,1,739,740,741,742,,,,,,,1,1,1,3,,,,,,,,,
621,32011,0,0,59,59,1,3,10,1,744,745,746,747,743,,,,,,25,25,25,25,1,,,,,,,,
622,32012,0,0,59,59,1,3,10,1,744,745,746,747,754,,,,,,3,1,1,1,1,,,,,,,,
623,32013,0,0,59,59,1,3,10,1,744,745,746,747,,,,,,,1,3,1,1,,,,,,,,,
624,32014,0,0,59,59,1,3,10,1,744,745,746,747,,,,,,,1,1,3,1,,,,,,,,,
625,32015,0,0,59,59,1,3,10,1,744,745,746,747,,,,,,,1,1,1,3,,,,,,,,,
626,32016,0,0,59,59,1,3,10,1,748,750,752,753,,,,,,,1,1,1,1,,,,,,,,,
627,32017,0,0,59,59,1,3,10,1,748,750,752,753,,,,,,,3,1,1,1,,,,,,,,,
628,32018,0,0,59,59,1,3,10,1,748,750,752,753,751,,,,,,20,20,40,20,1,,,,,,,,
629,32019,0,0,59,59,1,3,10,1,748,750,752,753,749,1053,,,,,20,40,20,20,1,10,,,,,,,
630,32020,0,0,99,99,1,3,10,1,748,750,752,753,1053,,,,,,10,10,10,10,6,,,,,,,,
631,32021,0,0,59,59,0,0,5,1,,,,,,,,,,,,,,,,,,,,,,,
632,32020,8,0,28,6,0,0,5,10,,,,,,,,,,,,,,,,,,,,,,,
633,11300,0,0,49,49,1,3,5,1,756,757,,,,,,,,,20,10,,,,,,,,,,,
634,11301,0,0,49,49,1,3,5,1,756,757,759,,,,,,,,20,15,1,,,,,,,,,,
635,11302,0,0,49,49,1,3,5,1,756,757,758,759,,,,,,,15,20,20,10,,,,,,,,,
636,11303,0,0,49,49,1,3,5,1,756,757,758,759,,,,,,,20,20,20,20,,,,,,,,,
637,11304,0,0,49,49,1,5,10,1,776,759,757,758,756,,,,,,4,10,10,10,10,,,,,,,,
638,500,270,192,241,460,1,6,5,5,761,768,769,,,,,,,,1,15,15,,,,,,,,,,
639,500,1,1,800,800,1,6,5,1,762,764,770,771,774,788,789,,,,1,10,15,15,15,40,15,,,,,,
640,5501,1,1,60,60,1,5,10,1,765,763,772,773,789,,,,,,15,1,15,15,20,,,,,,,,
642,5502,1,1,59,59,1,3,10,1,765,763,772,773,789,,,,,,15,1,15,15,20,,,,,,,,
643,5503,1,1,60,100,1,3,10,1,765,763,766,772,773,789,,,,,15,1,20,15,15,25,,,,,,,
644,5504,1,1,20,200,1,5,10,1,765,763,766,772,773,789,,,,,15,1,20,15,15,25,,,,,,,
645,5505,1,1,60,100,1,5,10,1,765,763,766,772,773,789,,,,,15,1,20,15,15,25,,,,,,,
646,5505,1,1,59,99,1,3,10,1,761,762,766,789,,,,,,,10,1,10,15,,,,,,,,,
647,5506,1,1,60,60,1,3,10,1,763,762,766,789,,,,,,,3,3,3,10,,,,,,,,,
648,5507,1,1,100,100,1,3,10,1,767,763,788,,,,,,,,5,3,10,,,,,,,,,,
649,5508,1,1,60,60,1,3,10,1,762,763,,,,,,,,,3,3,,,,,,,,,,,
650,5509,1,1,49,49,0,0,10,1,,,,,,,,,,,,,,,,,,,,,,,
651,5510,1,1,59,59,1,5,10,1,773,772,767,766,765,774,789,,,,3,3,5,3,3,3,10,,,,,,
652,500,614,409,481,621,1,3,10,10,764,771,770,774,767,775,789,,,,10,10,10,10,10,2,15,,,,,,
654,5540,462,287,252,620,1,4,10,5,782,784,,,,,,,,,1,1,,,,,,,,,,,
655,11305,1,1,59,50,1,5,10,1,776,757,758,756,,,,,,,7,10,10,10,,,,,,,,,
656,5500,1,1,50,30,0,0,5,1,,,,,,,,,,,,,,,,,,,,,,,
657,5511,1,1,30,30,0,0,5,1,,,,,,,,,,,,,,,,,,,,,,,
658,5507,47,20,41,27,1,5,10,2,777,762,765,767,773,789,,,,,5,5,5,5,10,20,,,,,,,
659,500,233,299,197,341,1,4,10,70,779,780,781,,,,,,,,5,15,5,,,,,,,,,,
660,500,222,307,188,350,1,4,10,60,779,780,781,,,,,,,,5,15,5,,,,,,,,,,
661,500,191,281,125,343,1,4,10,50,779,780,781,,,,,,,,5,15,5,,,,,,,,,,
662,500,0,0,60,60,0,0,5,1,,,,,,,,,,,,,,,,,,,,,,,
663,5540,1,1,799,799,1,4,10,1,783,778,,,,,,,,,10,10,,,,,,,,,,,
664,5540,233,299,197,341,1,4,10,70,787,786,,,,,,,,,5,5,,,,,,,,,,,
665,5540,222,307,188,350,1,4,10,60,787,786,,,,,,,,,5,5,,,,,,,,,,,
666,5540,191,281,125,343,1,4,10,50,787,786,,,,,,,,,5,5,,,,,,,,,,,
667,5541,0,0,40,40,0,0,5,1,,,,,,,,,,,,,,,,,,,,,,,
668,5542,0,0,40,40,0,0,5,1,,,,,,,,,,,,,,,,,,,,,,,
669,5543,0,0,40,40,0,0,5,1,,,,,,,,,,,,,,,,,,,,,,,
670,5532,0,0,40,40,0,0,5,1,,,,,,,,,,,,,,,,,,,,,,,
671,5533,0,0,40,40,0,0,5,1,,,,,,,,,,,,,,,,,,,,,,,
672,5536,0,0,40,40,0,0,5,1,,,,,,,,,,,,,,,,,,,,,,,
673,30601,0,0,100,100,1,3,5,1,828,829,,,,,,,,,10,3,,,,,,,,,,,
674,30602,0,0,100,100,1,3,5,1,828,829,,,,,,,,,10,3,,,,,,,,,,,
675,30603,0,0,100,100,1,3,5,1,828,829,,,,,,,,,10,3,,,,,,,,,,,
676,30604,0,0,100,100,1,3,5,1,828,829,,,,,,,,,10,3,,,,,,,,,,,
677,30606,0,0,100,100,1,3,5,1,828,829,,,,,,,,,10,3,,,,,,,,,,,
678,30611,1,1,50,50,1,3,10,1,834,838,842,,,,,,,,1,2,3,,,,,,,,,,
679,30612,1,1,50,50,1,3,10,1,835,839,843,,,,,,,,1,2,3,,,,,,,,,,
680,30613,1,1,50,50,1,3,10,1,836,840,844,,,,,,,,1,2,3,,,,,,,,,,
681,30614,1,1,50,50,1,3,10,1,837,841,845,,,,,,,,1,2,3,,,,,,,,,,
682,30615,1,1,50,50,1,3,10,1,834,,,,,,,,,,10,,,,,,,,,,,,
683,30616,1,1,50,50,1,3,10,1,835,,,,,,,,,,10,,,,,,,,,,,,
684,30617,1,1,50,50,1,3,10,1,836,,,,,,,,,,10,,,,,,,,,,,,
685,30618,1,1,50,50,1,3,10,1,837,,,,,,,,,,10,,,,,,,,,,,,
686,30621,1,1,50,50,1,3,10,1,834,,,,,,,,,,10,,,,,,,,,,,,
687,30622,1,1,50,50,1,3,10,1,835,,,,,,,,,,10,,,,,,,,,,,,
688,30623,1,1,50,50,1,3,10,1,836,,,,,,,,,,10,,,,,,,,,,,,
689,30624,1,1,50,50,1,3,10,1,837,,,,,,,,,,10,,,,,,,,,,,,
690,30625,1,1,50,50,1,3,10,1,834,,,,,,,,,,10,,,,,,,,,,,,
691,30626,1,1,50,50,1,3,10,1,835,,,,,,,,,,10,,,,,,,,,,,,
692,30627,1,1,50,50,1,3,10,1,836,,,,,,,,,,10,,,,,,,,,,,,
693,30628,1,1,50,50,1,3,10,1,837,,,,,,,,,,10,,,,,,,,,,,,
694,30691,1,1,100,100,1,3,10,1,846,,,,,,,,,,10,,,,,,,,,,,,
695,30692,1,1,80,80,1,3,10,1,847,,,,,,,,,,10,,,,,,,,,,,,
696,30693,1,1,80,80,1,3,10,1,848,,,,,,,,,,10,,,,,,,,,,,,
697,30694,1,1,90,90,1,3,10,1,849,,,,,,,,,,10,,,,,,,,,,,,
698,5570,1,1,60,60,1,3,5,1,851,,,,,,,,,,10,,,,,,,,,,,,
699,5571,1,1,60,60,1,3,5,1,851,,,,,,,,,,10,,,,,,,,,,,,
700,5572,1,1,60,100,1,3,5,1,851,,,,,,,,,,10,,,,,,,,,,,,
701,5573,1,1,20,200,1,3,5,1,851,,,,,,,,,,10,,,,,,,,,,,,
702,5574,1,1,60,100,1,3,5,1,851,852,,,,,,,,,10,10,,,,,,,,,,,
703,5575,1,1,60,60,1,3,5,1,853,,,,,,,,,,10,,,,,,,,,,,,
704,5576,1,1,100,100,1,3,5,1,853,,,,,,,,,,10,,,,,,,,,,,,
705,5580,1,1,100,100,1,3,5,1,853,,,,,,,,,,10,,,,,,,,,,,,
706,700,1,1,400,400,1,3,5,1,854,855,856,857,858,,,,,,10,10,10,10,10,,,,,,,,
707,700,300,72,300,89,1,3,5,5,859,854,,,,,,,,,1,20,,,,,,,,,,,
708,700,80,200,75,220,1,3,5,6,860,855,856,857,,,,,,,1,5,5,5,,,,,,,,,
709,700,130,65,130,80,1,3,5,7,861,858,,,,,,,,,1,20,,,,,,,,,,,
710,701,381,1,399,399,1,3,5,5,858,855,856,857,854,,,,,,10,10,10,10,10,,,,,,,,
711,701,1,1,399,399,1,3,10,1,867,868,869,,,,,,,,10,10,10,,,,,,,,,,
712,701,290,184,325,215,1,3,10,2,867,868,869,870,,,,,,,10,10,10,1,,,,,,,,,
713,701,270,200,310,235,1,3,10,3,867,868,869,871,,,,,,,10,10,10,1,,,,,,,,,
714,701,80,1,334,35,1,3,5,5,862,863,864,,,,,,,,10,10,10,,,,,,,,,,
715,701,80,35,310,55,1,3,5,5,862,863,864,,,,,,,,10,10,10,,,,,,,,,,
716,701,80,55,306,61,1,3,5,5,862,863,864,,,,,,,,10,10,10,,,,,,,,,,
717,701,80,61,290,75,1,3,5,5,862,863,864,,,,,,,,10,10,10,,,,,,,,,,
718,701,80,75,286,83,1,3,5,5,862,863,864,,,,,,,,10,10,10,,,,,,,,,,
719,701,80,83,280,89,1,3,5,5,862,863,864,,,,,,,,10,10,10,,,,,,,,,,
720,701,80,89,272,93,1,3,5,5,862,863,864,,,,,,,,10,10,10,,,,,,,,,,
721,701,80,93,264,99,1,3,5,5,862,863,864,,,,,,,,10,10,10,,,,,,,,,,
722,701,80,99,254,104,1,3,5,5,862,863,864,,,,,,,,10,10,10,,,,,,,,,,
723,701,80,104,250,111,1,3,5,5,862,863,864,,,,,,,,10,10,10,,,,,,,,,,
724,701,80,111,237,118,1,3,5,5,862,863,864,,,,,,,,10,10,10,,,,,,,,,,
725,701,80,118,223,128,1,3,5,5,862,863,864,,,,,,,,10,10,10,,,,,,,,,,
726,701,80,128,217,130,1,3,5,5,862,863,864,,,,,,,,10,10,10,,,,,,,,,,
727,701,80,130,204,138,1,3,5,5,862,863,864,,,,,,,,10,10,10,,,,,,,,,,
728,701,80,138,196,145,1,3,5,5,862,863,864,866,,,,,,,10,10,10,1,,,,,,,,,
729,701,91,18,97,24,1,3,5,6,862,863,864,865,,,,,,,10,10,10,1,,,,,,,,,
730,702,106,22,385,285,1,3,5,1,872,873,874,877,,,,,,,10,10,10,10,,,,,,,,,
731,702,385,42,399,98,1,3,10,5,879,878,880,,,,,,,,10,10,10,,,,,,,,,,
732,702,382,229,399,287,1,3,10,5,884,883,885,,,,,,,,10,10,10,,,,,,,,,,
733,702,141,46,142,55,1,3,5,10,872,873,874,877,875,,,,,,10,10,10,10,1,,,,,,,,
734,702,306,49,309,57,1,3,5,10,872,873,874,877,876,,,,,,10,10,10,10,1,,,,,,,,
735,703,1,1,399,399,1,3,10,1,888,889,890,891,,,,,,,10,10,10,10,5,,,,,,,,
736,703,1,1,399,101,1,3,5,5,854,855,856,857,858,,,,,,10,10,10,10,10,,,,,,,,
737,703,1,54,221,149,1,3,10,10,879,878,880,,,,,,,,10,10,10,,,,,,,,,,
738,703,34,91,45,104,1,3,10,20,879,878,880,882,,,,,,,10,10,10,1,,,,,,,,,
739,703,30,70,38,75,1,3,10,20,879,878,880,881,,,,,,,10,10,10,1,,,,,,,,,
740,703,1,54,221,335,1,3,10,10,883,884,885,,,,,,,,10,10,10,,,,,,,,,,
741,703,14,213,18,218,1,3,10,15,883,884,885,887,,,,,,,10,10,10,1,,,,,,,,,
742,703,155,178,163,193,1,3,10,15,883,884,885,886,,,,,,,10,10,10,1,,,,,,,,,
743,704,1,1,399,399,1,3,5,1,895,900,901,,,,,,,,10,10,10,,,,,,,,,,
744,704,244,272,248,277,1,3,5,1,895,896,,,,,,,,,50,1,,,,,,,,,,,
745,704,45,255,80,320,1,3,5,10,895,900,901,,,,,,,,10,10,10,,,,,,,,,,
746,704,94,331,246,379,1,3,5,5,872,873,874,877,,,,,,,10,10,10,10,,,,,,,,,
747,704,67,340,95,370,0,0,5,5,872,873,874,877,,,,,,,10,10,10,10,,,,,,,,,
748,704,180,324,220,356,0,0,5,5,872,873,874,877,,,,,,,10,10,10,10,,,,,,,,,
749,704,246,345,285,380,0,0,5,5,872,873,874,877,,,,,,,10,10,10,10,,,,,,,,,
750,704,284,337,300,360,0,0,5,5,872,873,874,877,,,,,,,10,10,10,10,,,,,,,,,
751,704,287,326,311,380,0,0,5,5,872,873,874,877,,,,,,,10,10,10,10,,,,,,,,,
752,704,295,322,320,380,0,0,5,5,872,873,874,877,,,,,,,10,10,10,10,,,,,,,,,
753,704,14,267,55,348,1,3,5,5,872,873,874,877,,,,,,,10,10,10,10,,,,,,,,,
754,704,311,290,334,348,1,3,5,5,872,873,874,877,,,,,,,10,10,10,10,,,,,,,,,
755,704,346,173,384,333,1,3,5,5,872,873,874,877,,,,,,,10,10,10,10,,,,,,,,,
756,704,367,128,396,209,1,3,5,5,872,873,874,877,,,,,,,10,10,10,10,,,,,,,,,
757,704,160,350,165,355,1,3,5,10,872,873,874,877,892,,,,,,10,10,10,10,1,,,,,,,,
758,705,1,1,399,399,1,3,10,1,893,902,903,,,,,,,,10,10,10,,,,,,,,,,
759,705,134,221,140,226,1,3,10,10,893,894,902,903,,,,,,,20,1,10,10,,,,,,,,,
760,705,34,8,307,157,1,3,10,10,897,898,899,,,,,,,,10,10,10,,,,,,,,,,
761,705,1,1,45,399,1,3,10,5,854,855,856,857,858,,,,,,10,10,10,10,10,,,,,,,,
762,705,95,315,356,398,1,3,5,10,895,900,901,,,,,,,,10,10,10,,,,,,,,,,
763,706,1,1,399,399,1,3,10,1,897,898,899,904,905,,,,,,10,10,10,10,10,,,,,,,,
764,706,69,268,72,273,1,3,10,10,897,898,899,904,905,909,,,,,10,10,10,10,10,1,,,,,,,
765,706,101,289,103,293,1,3,10,10,897,898,899,904,905,910,,,,,10,10,10,10,10,1,,,,,,,
766,706,121,312,125,316,1,3,10,10,897,898,899,904,905,908,,,,,10,10,10,10,10,1,,,,,,,
767,707,95,185,104,191,1,3,10,10,897,898,899,904,911,907,,,,,10,10,10,10,10,1,,,,,,,
768,707,335,129,341,133,1,3,10,10,897,898,899,904,911,912,,,,,10,10,10,10,10,1,,,,,,,
769,707,1,1,399,399,1,3,10,1,897,898,899,904,911,,,,,,10,10,10,10,10,,,,,,,,
770,707,1,318,399,399,1,3,10,10,854,855,856,857,858,,,,,,10,10,10,10,10,,,,,,,,
771,708,1,1,399,399,1,3,10,1,913,914,915,916,,,,,,,10,10,10,10,,,,,,,,,
772,708,101,91,108,97,1,3,10,15,913,914,915,916,917,,,,,,10,10,10,10,1,,,,,,,,
773,708,205,144,212,148,1,3,10,15,913,914,915,916,918,,,,,,10,10,10,10,1,,,,,,,,
774,708,334,213,340,220,1,3,10,15,913,914,915,916,919,,,,,,10,10,10,10,1,,,,,,,,
775,708,245,317,251,324,1,3,10,15,913,914,915,916,920,,,,,,10,10,10,10,1,,,,,,,,
776,708,370,350,399,399,1,3,10,10,854,855,856,857,858,,,,,,10,10,10,10,10,,,,,,,,
777,7000,119,57,132,82,1,3,5,1,921,922,923,924,925,926,,,,,1,10,50,70,30,50,,,,,,,
778,7000,72,167,94,186,1,3,5,1,927,928,929,930,931,932,967,,,,1,10,50,70,30,50,,,,,,,
779,7000,98,146,118,171,1,3,5,1,933,934,935,936,937,938,,,,,30,50,10,1,50,70,,,,,,,
780,7000,162,170,184,183,1,3,5,1,939,940,941,942,943,944,,,,,30,50,10,1,50,70,,,,,,,
781,7000,92,46,113,54,1,3,5,1,945,946,947,948,949,950,,,,,1,10,50,70,30,50,,,,,,,
782,7000,136,132,161,143,1,3,5,1,951,952,953,954,955,956,,,,,30,50,10,1,50,70,,,,,,,
783,60011,1,1,25,25,1,3,10,1,957,,,,,,,,,,10,,,,,,,,,,,,
784,60012,1,1,25,25,1,3,10,1,958,,,,,,,,,,10,,,,,,,,,,,,
785,60013,1,1,25,25,1,3,10,1,958,,,,,,,,,,10,,,,,,,,,,,,
786,60014,1,1,25,25,1,3,10,1,958,,,,,,,,,,10,,,,,,,,,,,,
787,60015,1,1,25,25,1,3,10,1,958,,,,,,,,,,10,,,,,,,,,,,,
788,60016,1,1,25,25,1,3,10,1,959,,,,,,,,,,10,,,,,,,,,,,,
789,60017,1,1,25,25,1,3,10,1,959,,,,,,,,,,10,,,,,,,,,,,,
790,60018,1,1,25,25,1,3,10,1,959,,,,,,,,,,10,,,,,,,,,,,,
791,60019,1,1,25,25,1,3,10,1,959,,,,,,,,,,10,,,,,,,,,,,,
792,60020,1,1,25,25,1,3,10,1,959,,,,,,,,,,10,,,,,,,,,,,,
793,60021,1,1,25,25,1,3,10,1,959,,,,,,,,,,10,,,,,,,,,,,,
794,60022,1,1,25,25,1,3,10,1,959,,,,,,,,,,10,,,,,,,,,,,,
795,60023,1,1,25,25,1,3,10,1,959,,,,,,,,,,10,,,,,,,,,,,,
796,60024,1,1,25,25,1,3,10,1,959,,,,,,,,,,10,,,,,,,,,,,,
797,60025,1,1,25,25,1,3,10,1,959,,,,,,,,,,10,,,,,,,,,,,,
798,60026,1,1,25,25,1,3,10,1,959,,,,,,,,,,10,,,,,,,,,,,,
799,60027,1,1,25,25,1,3,10,1,959,,,,,,,,,,10,,,,,,,,,,,,
800,60028,1,1,25,25,1,3,10,1,959,,,,,,,,,,10,,,,,,,,,,,,
801,60029,1,1,25,25,1,3,10,1,959,,,,,,,,,,10,,,,,,,,,,,,
802,60030,1,1,25,25,1,3,10,1,959,,,,,,,,,,10,,,,,,,,,,,,
803,60031,1,1,25,25,1,3,10,1,959,,,,,,,,,,10,,,,,,,,,,,,
804,60032,1,1,25,25,1,3,10,1,960,,,,,,,,,,10,,,,,,,,,,,,
805,60041,1,1,50,40,1,5,10,1,962,963,964,,,,,,,,5,10,10,,,,,,,,,,
806,60042,1,1,40,50,1,5,10,1,962,963,964,,,,,,,,10,10,10,,,,,,,,,,
807,60043,1,1,40,40,1,5,10,1,962,963,964,,,,,,,,5,10,10,,,,,,,,,,
808,7000,98,140,118,149,2,7,10,10,965,,,,,,,,,,10,,,,,,,,,,,,
809,7000,18,150,32,164,2,7,10,1,966,,,,,,,,,,10,,,,,,,,,,,,
810,5582,1,1,100,100,1,3,5,1,853,,,,,,,,,,10,,,,,,,,,,,,
811,60201,1,1,60,60,1,7,10,1,968,969,970,974,,,,,,,10,10,5,10,,,,,,,88,,974
812,60202,1,1,60,60,1,7,10,1,968,969,970,974,,,,,,,10,10,5,10,,,,,,,88,,974
813,60203,1,1,60,60,1,7,10,1,968,969,970,974,,,,,,,5,10,10,10,,,,,,,88,,974
814,60204,1,1,60,60,1,7,10,1,968,969,970,974,,,,,,,5,10,10,10,,,,,,,88,,974
815,60205,1,1,60,60,1,7,10,1,971,972,973,974,,,,,,,10,10,5,10,,,,,,,88,,974
816,60206,1,1,60,60,1,7,10,1,971,972,973,974,,,,,,,10,10,5,10,,,,,,,88,,974
817,60207,1,1,60,60,1,7,10,1,971,972,973,974,,,,,,,10,5,10,10,,,,,,,88,,974
818,60208,1,1,60,60,1,7,10,1,971,972,973,974,,,,,,,10,5,10,10,,,,,,,88,,974
819,60100,1,1,70,70,1,5,10,1,975,976,977,,,,,,,,40,30,30,,,,,,,,,,
820,60001,1,1,40,40,1,5,10,1,982,988,989,,,,,,,,10,10,10,,,,,,,,,,
821,60002,1,1,40,40,1,5,10,1,982,988,989,,,,,,,,10,10,10,,,,,,,,,,
822,60003,1,1,50,50,1,5,10,1,980,984,985,,,,,,,,10,10,10,,,,,,,,,,
823,60004,1,1,50,50,1,5,10,1,980,984,985,,,,,,,,10,10,10,,,,,,,,,,
824,60005,1,1,50,50,1,5,10,1,983,990,991,,,,,,,,10,10,10,,,,,,,,,,
825,60006,1,1,50,50,1,5,10,1,983,990,991,,,,,,,,10,10,10,,,,,,,,,,
826,60007,1,1,50,50,1,5,10,1,981,986,987,,,,,,,,10,10,10,,,,,,,,,,
827,60008,1,1,50,50,1,5,10,1,981,986,987,,,,,,,,10,10,10,,,,,,,,,,
828,3000,1,1,150,150,1,5,1,1,1015,,,,,,,,,,30,,,,,,,,,,,,
829,10203,1,1,40,60,1,5,1,1,1017,,,,,,,,,,30,,,,,,,,,,,,
830,3300,1,1,120,120,1,5,1,1,1016,,,,,,,,,,30,,,,,,,,,,,,
831,2000,1,1,150,150,1,5,1,1,1018,,,,,,,,,,30,,,,,,,,,,,,
833,31701,1,1,50,50,0,0,5,1,1021,,,,,,,,,,30,,,,,,,,,,,,
834,7452,1,1,60,60,1,5,10,1,992,993,994,,,,,,,,5,5,5,,,,,,,,,,
835,703,225,68,32,299,1,5,10,15,1003,1004,1005,1006,,,,,,,10,10,10,5,,,,,,,,,
836,7352,1,1,100,100,1,5,5,1,1007,1008,1009,1010,,,,,,,5,10,10,10,,,,,,,,,
837,60308,1,1,50,50,1,3,5,1,1011,1022,1023,1026,,,,,,,5,10,10,10,,,,,,,,,
838,60309,1,1,50,50,1,3,5,1,1012,1024,1025,1027,,,,,,,5,10,10,10,,,,,,,,,
839,60310,1,1,50,50,1,3,5,1,1013,1022,1024,1026,,,,,,,5,10,10,10,,,,,,,,,
840,60311,1,1,80,60,1,3,5,1,1014,1023,1025,1027,,,,,,,5,10,10,10,,,,,,,,,
841,60047,1,1,80,60,1,2,5,1,1028,1029,1030,1031,,,,,,,8,8,8,10,,,,,,,,,
842,60338,1,1,50,50,1,5,5,1,999,1000,1001,1002,995,,,,,,10,10,10,10,5,,,,,,,,
843,60339,1,1,50,50,1,5,5,1,999,1000,1001,1002,996,,,,,,10,10,10,10,5,,,,,,,,
844,60340,1,1,50,50,1,5,5,1,999,1000,1001,1002,997,,,,,,10,10,10,10,5,,,,,,,,
845,60341,1,1,50,50,1,5,5,1,999,1000,1001,1002,998,,,,,,10,10,10,10,5,,,,,,,,
846,60301,1,1,100,40,1,5,10,10,1035,1036,1037,1038,1039,,,,,,2,10,10,10,2,,,,,,,,
847,60300,1,1,60,40,1,5,10,10,1032,1033,1034,1041,1040,,,,,,10,10,10,2,2,,,,,,,,
848,3009,1,1,40,60,1,5,1,1,1015,,,,,,,,,,10,,,,,,,,,,,,
849,3304,1,1,30,30,1,5,1,1,1016,,,,,,,,,,10,,,,,,,,,,,,
851,2030,1,1,80,80,1,5,1,1,1018,,,,,,,,,,10,,,,,,,,,,,,
853,300,232,83,101,262,1,5,1,1,1019,1020,,,,,,,,,10,10,,,,,,,,,,,
854,60341,29,14,26,16,1,3,5,10,1042,999,1000,1001,1002,,,,,,1,25,25,25,25,,,,,,,,
855,7402,1,1,200,150,1,4,10,1,1045,1046,1048,1049,,,,,,,5,10,10,5,,,,,,,,,
856,7402,79,49,77,51,1,3,10,10,1045,1046,1048,1049,1050,,,,,,10,10,10,10,1,,,,,,,,
857,7352,86,11,73,18,1,3,5,10,1008,1009,1010,1051,,,,,,,10,10,10,2,,,,,,,,,
858,7352,18,24,11,26,1,3,5,10,1008,1009,1010,1052,,,,,,,10,10,10,2,,,,,,,,,
859,7402,20,118,18,121,1,3,10,10,1045,1046,1056,1048,1049,,,,,,10,10,2,10,10,,,,,,,,
860,7402,179,42,114,103,1,3,5,20,1045,1046,1048,1049,1061,,,,,,5,5,5,5,20,,,,,,,,
861,7402,75,66,31,112,1,3,5,20,1045,1046,1048,1049,1060,,,,,,5,5,5,5,20,,,,,,,,
862,7402,127,78,83,132,1,3,10,20,1057,1058,1059,,,,,,,,1,1,1,,,,,,,,,,
863,7402,182,102,128,134,1,3,10,20,1057,1058,1059,,,,,,,,1,1,1,,,,,,,,,,
864,7402,114,64,78,77,1,3,10,20,1057,1058,1059,,,,,,,,1,1,1,,,,,,,,,,
872,60053,1,1,80,80,1,3,5,1,1085,1088,1091,1094,,,,,,,1,1,1,1,,,,,,,,,
873,60055,1,1,60,100,1,3,10,1,1089,1086,1092,1095,,,,,,,1,1,1,1,,,,,,,,,
874,60056,1,1,60,100,1,3,10,1,1087,1090,1093,1096,,,,,,,1,1,1,1,,,,,,,,,
875,60054,1,1,90,90,1,3,10,1,1087,1090,1093,1096,,,,,,,1,1,1,1,,,,,,,,,
876,60054,62,60,55,75,1,3,10,10,1087,1090,1093,1096,1097,,,,,,200,200,200,200,1,,,,,,,,
877,60054,48,14,43,28,1,3,10,10,1096,1093,1090,1087,1097,,,,,,200,200,200,200,1,,,,,,,,
878,60049,1,1,70,70,1,3,5,1,1073,1076,1079,1082,,,,,,,1,1,1,1,,,,,,,,,
879,60050,1,1,90,70,1,3,5,1,1074,1077,1080,1083,,,,,,,1,1,1,1,,,,,,,,,
880,60051,1,1,120,90,1,3,5,1,1075,1078,1081,1084,,,,,,,1,1,1,1,,,,,,,,,
881,60052,1,1,60,70,1,3,5,1,1075,1078,1081,1084,,,,,,,1,1,1,1,,,,,,,,,
882,60052,25,38,20,59,1,3,5,10,1075,1078,1081,1084,1098,,,,,,200,200,200,200,1,,,,,,,,
883,60052,12,44,6,61,1,3,5,10,1078,1081,1084,1075,1098,,,,,,200,200,200,200,1,,,,,,,,
887,60009,1,1,60,128,1,3,10,1,1100,1101,1102,1103,1104,,,,,,10,10,10,10,10,,,,,,,,
888,60009,30,32,46,51,1,3,5,10,1105,1102,1101,1103,,,,,,,1,10,10,10,,,,,,,,,
889,60010,1,1,50,50,1,3,5,1,1100,1101,1102,1103,1104,,,,,,10,10,10,10,10,,,,,,,,
890,60035,1,1,50,100,1,3,5,1,1100,1101,1102,1103,1104,,,,,,10,10,10,10,10,,,,,,,,
891,60036,1,1,50,50,1,3,5,1,1100,1101,1102,1103,1104,,,,,,10,10,10,10,10,,,,,,,,
892,60072,1,1,90,90,1,3,5,1,1106,1107,1108,1109,,,,,,,1,1,1,1,,,,,,,,,
893,60073,1,1,90,90,1,3,5,1,1106,1107,1108,1109,,,,,,,1,1,1,1,,,,,,,,,
894,60074,1,1,90,90,1,3,5,1,1109,1108,1107,1106,,,,,,,1,1,1,1,,,,,,,,,
895,60076,1,1,70,100,0,0,5,1,1106,1107,1108,1109,,,,,,,1,1,1,1,,,,,,,,,
896,60063,1,1,90,90,1,3,5,1,1110,1111,1112,,,,,,,,1,1,1,,,,,,,,,,
897,60064,1,1,60,60,1,3,5,1,1110,1111,1112,1113,,,,,,,1,1,1,1,,,,,,,,,
898,60065,1,1,80,70,1,3,5,1,1110,1111,1112,1113,1114,,,,,,1,1,1,1,1,,,,,,,,
899,60066,1,1,60,60,1,3,5,1,1110,1111,1112,1113,1114,1115,,,,,1,1,1,1,1,1,,,,,,,
900,60067,1,1,130,130,1,3,5,1,1110,1111,1112,1113,1114,1115,,,,,1,1,1,1,1,1,,,,,,,
901,600,30,81,68,133,1,5,5,1,1116,1117,1118,,,,,,,,8,10,10,,,,,,,,,,
902,600,31,142,100,181,1,5,5,1,473,475,477,,,,,,,,10,10,10,,,,,,,,,,
903,600,96,82,169,149,1,5,5,1,1119,,,,,,,,,,10,,,,,,,,,,,,
904,30701,39,39,22,55,1,3,5,10,1120,729,730,,,,,,,,1,34,34,,,,,,,,,,
905,5540,237,348,197,390,1,3,5,20,1122,782,783,784,,,,,,,1,18,18,18,,,,,,,,,
906,5540,484,492,446,538,1,3,5,10,1121,778,787,786,,,,,,,1,25,25,25,,,,,,,,,
907,31301,38,24,31,48,1,3,10,10,1123,1124,468,469,470,,,,,,18,1,18,18,18,,,,,,,,
908,60065,76,4,71,17,1,3,5,10,1125,1111,1113,1115,,,,,,,1,22,22,22,,,,,,,,,
909,816,1,1,180,180,1,5,5,1,1126,1268,1269,,,,,,,,1,1,1,,,,,,,,,,
910,816,14,78,109,169,1,5,5,10,1127,,,,,,,,,,1,,,,,,,,,,,,
913,31203,4,34,9,43,1,3,5,100,1132,456,461,460,,,,,,,1,17,17,17,,,,,,,,,
914,11210,38,27,45,37,1,5,5,100,1133,691,694,697,,,,,,,1,28,28,28,,,,,,,,,
915,500,205,304,212,312,1,5,5,100,1134,779,781,,,,,,,,1,30,30,,,,,,,,,,
919,817,141,18,148,26,1,3,10,10,1139,1140,1141,1142,1143,1144,,,,,1,1,1,1,1,1,,,,,,,
920,817,140,31,153,45,1,3,10,10,1139,1140,1141,1142,1143,1144,,,,,1,1,1,1,1,1,,,,,,,
921,817,142,51,155,63,1,3,10,10,1139,1140,1141,1142,1143,1144,,,,,1,1,1,1,1,1,,,,,,,
922,817,96,84,172,93,1,3,10,10,1145,1146,1147,1148,1149,1150,,,,,1,1,1,1,1,1,,,,,,,
923,817,142,69,163,83,1,3,10,10,1145,1146,1147,1148,1149,1150,1229,,,,1,1,1,1,1,1,10,,,,,,
924,817,173,91,176,95,1,3,10,10,1145,1146,1147,1148,1149,1150,,,,,1,1,1,1,1,1,,,,,,,
925,817,176,96,183,99,1,3,10,10,1145,1146,1147,1148,1149,1150,,,,,1,1,1,1,1,1,,,,,,,
926,817,183,100,201,104,1,3,10,10,1145,1146,1147,1148,1149,1150,,,,,1,1,1,1,1,1,,,,,,,
927,817,191,81,222,99,1,3,10,10,1145,1146,1147,1148,1149,1150,,,,,1,1,1,1,1,1,,,,,,,
928,817,223,64,256,110,1,3,10,10,1151,1152,1153,1154,,,,,,,1,1,1,1,,,,,,,,,
929,817,215,121,256,182,1,3,10,10,1151,1152,1153,1154,,,,,,,1,1,1,1,,,,,,,,,
930,817,257,101,281,124,1,3,10,10,1151,1152,1153,1154,,,,,,,1,1,1,1,,,,,,,,,
931,817,282,101,310,111,1,3,10,10,1151,1152,1153,1154,,,,,,,1,1,1,1,,,,,,,,,
932,817,299,112,317,128,1,3,10,10,1151,1152,1153,1154,,,,,,,1,1,1,1,,,,,,,,,
933,817,303,124,321,132,1,3,10,10,1151,1152,1153,1154,,,,,,,1,1,1,1,,,,,,,,,
934,817,261,38,270,77,1,3,10,10,1155,1156,1157,1158,,,,,,,1,1,1,1,,,,,,,,,
935,817,234,35,371,130,1,3,10,10,1155,1156,1157,1158,,,,,,,1,1,1,1,,,,,,,,,
936,817,272,39,321,87,1,3,10,10,1155,1156,1157,1158,,,,,,,1,1,1,1,,,,,,,,,
937,817,322,22,342,96,1,3,10,10,1155,1156,1157,1158,,,,,,,1,1,1,1,,,,,,,,,
938,817,132,177,214,211,1,3,10,10,1155,1156,1157,1158,,,,,,,1,1,1,1,,,,,,,,,
939,817,343,131,379,192,1,3,10,10,1159,1160,1161,1162,,,,,,,1,1,1,1,,,,,,,,,
940,817,369,193,387,204,1,3,10,10,1159,1160,1161,1162,,,,,,,1,1,1,1,,,,,,,,,
941,817,328,204,370,237,1,3,10,10,1159,1160,1161,1162,,,,,,,1,1,1,1,,,,,,,,,
942,817,254,234,237,265,1,3,10,10,1159,1160,1161,1162,,,,,,,1,1,1,1,,,,,,,,,
943,817,62,139,134,176,1,3,10,10,1159,1160,1161,1162,,,,,,,1,1,1,1,,,,,,,,,
944,817,168,255,253,265,1,3,10,10,1163,1164,1165,1166,1171,,,,,,1,1,1,1,1,,,,,,,,
945,817,99,256,167,292,1,3,10,10,1163,1164,1165,1166,1172,,,,,,1,1,1,1,1,,,,,,,,
946,817,43,293,104,343,1,3,10,10,1163,1164,1165,1166,1173,,,,,,1,1,1,1,,,,,,,,,
947,817,46,344,105,373,1,3,10,10,1163,1164,1165,1166,1174,,,,,,1,1,1,1,1,,,,,,,,
948,817,105,373,143,428,1,3,10,10,1163,1164,1165,1166,1171,,,,,,1,1,1,1,1,,,,,,,,
949,817,39,128,67,152,1,3,10,10,1163,1164,1165,1166,1172,,,,,,1,1,1,1,1,,,,,,,,
950,817,144,383,208,428,1,3,10,10,1167,1168,1169,1170,1173,,,,,,1,1,1,1,1,,,,,,,,
951,817,160,321,213,382,1,3,10,10,1167,1168,1169,1170,1174,,,,,,1,1,1,1,1,,,,,,,,
952,817,144,428,197,478,1,3,10,10,1167,1168,1169,1170,1171,,,,,,1,1,1,1,1,,,,,,,,
953,817,96,429,143,492,1,3,10,10,1167,1168,1169,1170,1172,,,,,,1,1,1,1,1,,,,,,,,
954,817,22,120,45,129,1,3,10,10,1167,1168,1169,1170,1173,,,,,,1,1,1,1,1,,,,,,,,
955,817,19,115,29,119,1,3,10,10,1167,1168,1169,1170,1174,,,,,,1,1,1,1,1,,,,,,,,
956,817,154,53,155,59,1,3,10,20,1175,1139,1140,1141,1142,,,,,,1,5,5,5,5,,,,,,,,
957,817,97,88,104,92,1,3,10,20,1176,1145,1146,1147,1148,,,,,,1,5,5,5,5,,,,,,,,
958,817,223,114,238,117,1,3,10,20,1177,1152,1151,1153,1154,,,,,,1,15,15,15,15,,,,,,,,
959,817,309,133,321,137,1,3,10,20,1178,1151,1152,1153,1154,,,,,,1,11,11,11,11,,,,,,,,
960,817,316,88,321,96,1,3,10,20,1179,1155,1156,1157,1158,,,,,,1,5,5,5,5,,,,,,,,
961,817,375,205,380,209,1,3,10,20,1180,1159,1160,1161,1162,,,,,,1,18,18,18,18,,,,,,,,
962,817,46,155,61,163,1,3,10,20,1181,1159,1160,1161,1162,,,,,,1,18,18,18,18,,,,,,,,
963,817,68,121,73,133,1,3,10,20,1182,1163,1164,1165,1166,,,,,,1,5,5,5,5,,,,,,,,
964,817,209,383,217,391,1,3,10,20,1183,1167,1168,1169,1170,,,,,,1,15,15,15,15,,,,,,,,
965,817,149,319,159,332,1,3,10,20,1184,1167,1168,1169,1170,,,,,,1,20,20,20,20,,,,,,,,
966,3006,1,1,40,30,1,3,1,10,1185,,,,,,,,,,1,,,,,,,,,,,,
967,60057,1,1,30,30,1,3,10,10,1186,1187,1188,,,,,,,,1,1,1,,,,,,,,,,
968,60058,1,1,40,40,1,3,10,10,1186,1187,1188,,,,,,,,1,1,1,,,,,,,,,,
969,60059,1,1,40,40,1,3,10,10,1190,1189,1191,,,,,,,,1,1,1,,,,,,,,,,
970,60060,1,1,40,40,1,3,10,10,1189,1190,1191,,,,,,,,1,1,1,,,,,,,,,,
971,60061,1,1,90,90,1,3,10,10,1189,1190,1191,,,,,,,,1,1,1,,,,,,,,,,
972,60062,1,1,50,40,1,3,10,10,1192,1193,1194,1195,,,,,,,1,1,1,1,,,,,,,,,
973,60070,1,1,50,50,1,3,10,10,1192,1193,1194,1195,,,,,,,1,1,1,1,,,,,,,,,
974,60071,1,1,50,50,1,3,10,10,1192,1193,1194,1195,,,,,,,1,1,1,1,,,,,,,,,
975,60071,22,6,28,11,1,3,10,100,1196,1192,1193,1194,1195,,,,,,1,20,20,20,20,,,,,,,,
976,8016,1,1,60,60,1,5,10,10,1128,1129,1270,1271,,,,,,,1,1,1,1,,,,,,,,,
977,8017,1,1,50,50,1,5,10,10,1128,1129,1270,1271,,,,,,,1,1,1,1,,,,,,,,,
978,8025,1,1,50,50,1,3,10,10,1135,1136,1137,,,,,,,,1,1,1,,,,,,,,,,
979,8026,1,1,75,75,1,3,10,10,1135,1137,1138,,,,,,,,35,35,1,,,,,,,,,,
980,100,245,174,277,196,1,5,10,200,1198,,,,,,,,,,1,,,,,,,,,,,,
981,8010,1,1,80,70,1,3,10,10,1199,1200,1201,1202,,,,,,,1,1,1,1,,,,,,,,,
982,8012,1,1,70,50,1,3,10,10,1199,1200,1201,1202,,,,,,,1,1,1,1,,,,,,,,,
983,8013,1,1,70,80,1,3,10,10,1199,1200,1201,1202,,,,,,,1,1,1,1,,,,,,,,,
984,8014,1,1,80,90,1,3,10,10,1199,1200,1201,1202,,,,,,,1,1,1,1,,,,,,,,,
985,8001,1,1,70,80,1,3,10,10,1203,1204,1205,1206,,,,,,,1,1,1,1,,,,,,,,,
986,8002,1,1,60,50,1,3,10,10,1203,1204,1205,1206,,,,,,,1,1,1,1,,,,,,,,,
987,8003,1,1,80,60,1,3,10,10,1203,1204,1205,1206,,,,,,,1,1,1,1,,,,,,,,,
988,8004,1,1,70,80,1,3,10,10,1203,1204,1205,1206,,,,,,,1,1,1,1,,,,,,,,,
989,8005,1,1,70,60,1,3,10,10,1203,1204,1205,1206,,,,,,,1,1,1,1,,,,,,,,,
990,8006,1,1,70,80,1,3,10,10,1203,1204,1205,1206,,,,,,,1,1,1,1,,,,,,,,,
991,8014,4,8,10,15,1,3,10,20,1199,1200,1201,1202,1207,,,,,,25,25,25,25,1,,,,,,,,
992,8003,10,31,24,51,1,3,10,20,1208,1203,1204,1205,1206,,,,,,1,10,10,10,10,,,,,,,,
993,8007,0,0,60,60,1,3,5,10,1214,1215,1216,1213,,,,,,,1,1,1,1,,,,,,,,,
994,8100,0,0,60,60,1,3,5,10,1213,1214,1215,1216,,,,,,,1,1,1,1,,,,,,,,,
995,8101,0,0,60,60,1,3,5,10,1213,1214,1215,1216,,,,,,,1,1,1,1,,,,,,,,,
996,817,142,72,153,84,1,3,5,50,1217,1147,1148,1149,,,,,,,1,20,20,20,,,,,,,,,
998,200,43,425,271,494,1,3,5,10,1224,1225,1226,,,,,,,,1,1,1,,,,,,,,,,
999,817,177,114,260,206,1,3,5,70,1227,1228,,,,,,,,,20,1,,,,,,,,,,,
1001,8230,1,1,60,70,1,5,5,10,1233,1234,1235,,,,,,,,1,1,1,,,,,,,,,,
1002,8231,1,1,50,50,1,5,5,10,1233,1234,1235,,,,,,,,1,1,1,,,,,,,,,,
1003,8220,60,65,115,99,1,5,10,10,1237,1238,,,,,,,,,2,1,,,,,,,,,,,
1004,8220,120,0,159,69,1,5,10,10,1238,1239,,,,,,,,,30,15,,,,,,,,,,,
1005,8220,59,0,93,39,1,5,10,10,1240,1241,1246,1242,1243,1244,1245,1247,1248,,2,1,2,2,1,2,1,2,2,,,,
1006,8220,0,0,42,35,1,5,10,10,1242,1243,1247,,,,,,,,3,1,3,,,,,,,,,,
1007,8220,4,62,46,97,1,5,10,10,1244,1245,1248,,,,,,,,3,1,3,,,,,,,,,,
1010,8221,120,0,159,46,1,5,10,10,1249,1252,1250,1251,1253,1254,,,,,1,2,2,2,2,2,,,,,,,
1013,8219,120,0,159,39,1,5,10,10,1255,1256,,,,,,,,,1,2,,,,,,,,,,,
1014,8219,59,0,93,39,1,5,10,10,1257,1258,,,,,,,,,1,2,,,,,,,,,,,
1015,8219,60,65,125,99,1,5,10,10,1259,1260,1261,1262,,,,,,,1,2,2,2,,,,,,,,,
1016,21007,53,46,57,57,1,5,10,50,585,586,1263,1289,,,,,,,50,50,1,50,,,,,,,,,
1017,30008,78,12,85,20,1,5,10,50,1289,655,656,657,1264,,,,,,30,30,30,30,1,,,,,,,,
1018,8221,0,0,42,35,1,5,10,10,1249,,,,,,,,,,1,,,,,,,,,,,,
1019,8221,59,0,93,39,1,5,10,10,1249,,,,,,,,,,1,,,,,,,,,,,,
1020,8221,60,65,125,99,1,5,10,10,1249,,,,,,,,,,1,,,,,,,,,,,,
1021,8221,6,42,46,97,1,5,10,10,1249,,,,,,,,,,1,,,,,,,,,,,,
1022,8219,0,0,42,35,1,5,10,10,1255,1257,,,,,,,,,1,1,,,,,,,,,,,
1023,8219,4,62,46,97,1,5,10,10,1259,,,,,,,,,,1,,,,,,,,,,,,
1024,20406,0,0,50,70,1,5,5,10,1265,,,,,,,,,,1,,,,,,,,,,,,
1025,817,158,82,164,92,1,3,10,20,1267,1151,1152,1153,,,,,,,1,25,25,25,,,,,,,,,
1026,817,49,157,57,161,1,3,10,50,1266,1163,1164,1165,,,,,,,1,25,25,25,,,,,,,,,
1027,816,60,79,106,93,1,3,5,20,1272,,,,,,,,,,1,,,,,,,,,,,,
1028,817,325,25,329,35,1,3,10,50,1273,1155,1158,,,,,,,,1,30,30,,,,,,,,,,
1029,817,359,107,368,116,1,3,10,50,1156,1158,1274,,,,,,,,30,30,1,,,,,,,,,,
1030,817,356,163,360,170,1,3,10,50,1275,1159,1162,,,,,,,,1,35,35,,,,,,,,,,
1031,817,331,226,337,234,1,3,10,50,1160,1162,1276,,,,,,,,35,35,1,,,,,,,,,,
1032,817,116,273,122,280,1,3,10,50,1277,1163,1166,,,,,,,,1,40,40,,,,,,,,,,
1033,817,74,359,80,371,1,3,10,50,1164,1278,1166,,,,,,,,40,1,40,,,,,,,,,,
1034,8000,0,0,59,59,1,3,10,10,1280,1281,1282,,,,,,,,1,1,1,,,,,,,,,,
1035,8000,25,32,29,37,1,3,10,20,1280,1281,1279,,,,,,,,25,25,1,,,,,,,,,,
1036,8000,41,14,45,18,1,3,10,20,1280,1281,1282,1283,,,,,,,20,20,20,1,,,,,,,,,
1037,8009,32,22,39,26,1,3,10,20,1285,1286,1287,,,,,,,,1,25,25,,,,,,,,,,
1038,8009,12,28,17,31,1,3,10,20,1284,1286,1287,1288,,,,,,,1,20,20,20,,,,,,,,,
1039,8009,0,0,59,59,1,3,10,10,1286,1287,1288,,,,,,,,1,1,1,,,,,,,,,,
1040,8254,1,1,60,60,1,3,10,10,1291,1292,,,,,,,,,1,1,,,,,,,,,,,
1041,8253,1,1,60,60,1,3,5,10,1290,,,,,,,,,,1,,,,,,,,,,,,
1042,817,299,122,309,125,1,3,10,50,1293,1154,1153,1152,,,,,,,1,25,25,25,,,,,,,,,
1043,817,234,44,242,59,1,3,10,50,1156,1157,1158,1294,,,,,,,20,20,20,1,,,,,,,,,
1044,817,323,22,336,39,1,3,10,50,1295,1155,1156,1157,1158,,,,,,1,25,25,25,25,,,,,,,,
1045,817,146,431,161,438,1,3,10,50,1166,1165,1164,1163,1296,,,,,,30,30,30,30,1,,,,,,,,
1046,41,6,19,19,47,1,3,10,20,558,559,563,564,1297,,,,,,25,25,25,25,1,,,,,,,,
1047,41,54,19,66,46,1,3,10,20,558,559,563,564,1297,,,,,,25,25,25,25,1,,,,,,,,
1048,42,22,4,50,16,1,3,10,20,558,559,563,564,1298,,,,,,50,50,50,50,1,,,,,,,,
1049,42,22,49,50,61,1,3,10,20,558,559,563,564,1298,,,,,,50,50,50,50,1,,,,,,,,
1050,3000,0,0,93,147,1,2,5,100,,,,,,,,,,,,,,,,,,,,,,,
1057,9000,56,13,76,46,1,9,5,100,1304,1305,1306,1307,1308,,,,,,100,99,98,97,96,,,,,,,,
1070,8504,6,6,34,34,1,5,5,1,1319,,,,,,,,,,50,,,,,,,,,,,,
1071,8505,6,6,34,34,1,5,5,1,1319,,,,,,,,,,50,,,,,,,,,,,,
1072,8506,6,6,34,34,1,5,5,1,1319,,,,,,,,,,50,,,,,,,,,,,,
1073,8507,6,6,34,34,1,5,5,1,1319,,,,,,,,,,50,,,,,,,,,,,,
1074,8508,6,6,34,34,1,5,5,1,1319,,,,,,,,,,50,,,,,,,,,,,,
1075,8509,6,6,34,34,1,5,5,1,1319,,,,,,,,,,50,,,,,,,,,,,,
1076,8510,6,6,34,34,1,5,5,1,1319,,,,,,,,,,50,,,,,,,,,,,,
1077,8511,6,6,34,34,1,5,5,1,1319,,,,,,,,,,50,,,,,,,,,,,,
1078,8512,6,6,34,34,1,5,5,1,1319,,,,,,,,,,50,,,,,,,,,,,,
1079,30017,5,2,49,100,1,5,5,1,1329,,,,,,,,,,50,,,,,,,,,,,,
1080,30018,5,2,49,100,1,5,5,1,1329,,,,,,,,,,50,,,,,,,,,,,,
1081,30019,5,2,49,100,1,5,5,1,1329,,,,,,,,,,50,,,,,,,,,,,,
1082,150,0,0,50,50,1,5,5,1,1331,,,,,,,,,,1,,,,,,,,,,,,
1083,151,0,0,50,50,1,5,5,1,1332,,,,,,,,,,1,,,,,,,,,,,,
1084,152,0,0,50,50,1,5,5,1,1333,1343,,,,,,,,,1,,,,,,,,,,,,
1085,153,0,0,50,50,1,5,5,1,1334,,,,,,,,,,1,,,,,,,,,,,,
1086,30022,0,0,50,50,1,5,5,1,1335,1339,,,,,,,,,10,20,,,,,,,,,,,
1087,30023,0,0,50,50,1,5,5,1,1336,1340,,,,,,,,,10,20,,,,,,,,,,,
1088,30024,0,0,50,50,1,5,5,1,1337,1341,,,,,,,,,10,20,,,,,,,,,,,
1089,30025,0,0,50,50,1,5,5,1,1338,1342,,,,,,,,,10,20,,,,,,,,,,,
1090,8259,0,0,250,180,1,5,8,1,1344,,,,,,,,,,30,,,,,,,,,,,,
1091,8260,0,0,250,180,1,5,8,1,1344,,,,,,,,,,30,,,,,,,,,,,,
1092,7025,1,1,80,18,1,3,5,50,1345,1361,1377,1357,1373,1353,1369,1349,1365,1381,2,2,2,2,2,2,2,2,2,1,,,
1093,7025,81,1,149,18,1,3,5,50,1346,1362,1378,1358,1374,1354,1370,1350,1366,1382,2,2,2,2,2,2,2,2,2,1,,,
1094,7025,1,19,70,38,1,3,5,50,1347,1363,1379,1359,1375,1355,1371,1351,1367,1383,2,2,2,2,2,2,2,2,2,1,,,
1095,7025,71,19,149,38,1,3,5,50,1348,1364,1380,1360,1376,1356,1372,1352,1368,1384,2,2,2,2,2,2,2,2,2,1,,,
1096,7025,1,39,67,56,1,3,5,50,1419,1365,1345,1361,1377,1357,1373,1353,1369,1385,1,35,35,35,35,35,35,35,35,35,,,
1097,7025,68,39,149,56,1,3,5,50,1350,1366,1346,1362,1378,1358,1374,1354,1370,1386,2,2,2,2,2,2,2,2,2,1,,,
1098,7025,1,57,70,74,1,3,5,50,1351,1367,1347,1363,1379,1359,1375,1355,1371,1387,2,2,2,2,2,2,2,2,2,1,,,
1099,7025,71,57,149,74,1,3,5,50,1352,1368,1348,1364,1380,1360,1376,1356,1372,1388,2,2,2,2,2,2,2,2,2,1,,,
1100,7025,1,75,90,92,1,3,5,50,1353,1369,1349,1365,1345,1361,1377,1357,1373,1389,2,2,2,2,2,2,2,2,2,1,,,
1101,7025,91,75,149,92,1,3,5,50,1417,1370,1350,1366,1346,1362,1378,1358,1374,1388,1,35,35,35,35,35,35,35,35,35,,,
1103,7025,1,93,95,110,1,3,5,50,1355,1371,1351,1367,1347,1363,1379,1359,1375,1387,2,2,2,2,2,2,2,2,2,1,,,
1104,7025,96,93,149,110,1,3,5,50,1420,1372,1352,1368,1348,1364,1380,1360,1376,1386,1,35,35,35,35,35,35,35,35,35,,,
1105,7025,1,111,110,128,1,3,5,50,1357,1373,1353,1369,1349,1365,1345,1361,1377,1385,2,2,2,2,2,2,2,2,2,1,,,
1106,7025,111,111,149,128,1,3,5,50,1358,1374,1354,1370,1350,1366,1346,1362,1378,1384,2,2,2,2,2,2,2,2,2,1,,,
1107,7025,1,129,50,149,1,3,5,50,1421,1375,1355,1371,1351,1367,1347,1363,1379,1383,1,35,35,35,35,35,35,35,35,35,,,
1108,7025,51,129,1,149,1,3,5,50,1418,1376,1356,1372,1352,1368,1348,1364,1380,1382,1,35,35,35,35,35,35,35,35,35,,,
1109,7025,90,111,101,117,1,5,5,60,1381,1384,1387,1345,1348,1351,1354,1357,1360,1363,1,1,1,13,13,13,13,13,13,13,,,
1110,7025,127,8,136,15,1,5,5,60,1382,1385,1388,1346,1349,1352,1355,1358,1361,1364,1,1,1,13,13,13,13,13,13,13,,,
1111,7025,33,111,42,116,1,5,5,60,1383,1386,1389,1347,1350,1353,1356,1359,1362,1365,1,1,1,13,13,13,13,13,13,13,,,
1112,7025,36,89,42,95,1,5,5,60,1390,1396,1379,1373,1366,1360,1354,1348,,,1,1,16,16,16,16,16,16,,,,,
1113,7025,7,127,12,134,1,5,5,60,1391,1397,1376,1371,1365,1359,1353,1347,,,1,1,25,25,25,25,25,25,,,,,
1114,7025,7,135,12,141,1,5,5,60,1392,1398,1375,1370,1364,1358,1352,1346,,,1,1,16,16,16,16,16,16,,,,,
1115,7025,139,35,144,41,1,5,5,60,1393,1399,1374,1369,1363,1357,1351,1380,,,1,1,16,16,16,16,16,16,,,,,
1116,7025,132,33,138,40,1,5,5,60,1394,1400,1373,1368,1362,1356,1350,1381,,,1,1,16,16,16,16,16,16,,,,,
1117,7025,29,22,36,27,1,5,5,60,1395,1380,1372,1367,1361,1355,1349,1382,,,1,1,16,16,16,16,16,16,,,,,
1118,7025,122,53,127,58,1,5,5,60,1401,1409,1345,1353,1361,1369,1377,1349,,,1,1,18,18,18,18,18,18,,,,,
1119,7025,78,58,83,64,1,5,5,60,1402,1410,1346,1354,1362,1370,1378,1350,,,1,1,18,18,18,18,18,18,,,,,
1120,7025,127,75,133,80,1,5,5,60,1403,1411,1347,1355,1363,1371,1379,1351,,,1,1,18,18,18,18,18,18,,,,,
1121,7025,88,32,94,37,1,5,5,60,1404,1412,1348,1356,1364,1372,1380,1352,,,1,1,18,18,18,18,18,18,,,,,
1122,7025,125,37,131,44,1,5,5,60,1405,1413,1349,1357,1365,1373,1345,1353,,,1,1,18,18,18,18,18,18,,,,,
1123,7025,91,70,96,75,1,5,5,60,1406,1414,1350,1358,1366,1374,1346,1354,,,1,1,18,18,18,18,18,18,,,,,
1124,7025,115,17,120,22,1,5,5,60,1407,1415,1351,1359,1367,1375,1347,1355,,,1,1,18,18,18,18,18,18,,,,,
1125,7025,9,103,14,107,1,5,5,60,1408,1416,1352,1360,1368,1376,1348,1356,,,1,1,18,18,18,18,18,18,,,,,
1126,7025,61,15,65,23,1,5,5,1,1417,1376,1371,1366,1361,1356,1351,,,,1,19,20,20,20,20,20,,,,,,
1127,7025,51,11,56,16,1,5,5,1,1418,1377,1372,1367,1362,1357,1352,,,,1,19,20,20,20,20,20,,,,,,
1128,7025,33,7,38,11,1,5,5,1,1419,1378,1373,1368,1363,1358,1353,,,,1,19,20,20,20,20,20,,,,,,
1129,7025,23,14,27,19,1,5,5,1,1420,1379,1374,1369,1364,1359,1354,,,,1,19,20,20,20,20,20,,,,,,
1130,7025,17,108,23,114,1,5,5,1,1421,1380,1375,1370,1365,1360,1355,,,,1,19,20,20,20,20,20,,,,,,
1131,7025,125,123,125,123,1,5,5,100,1319,,,,,,,,,,1,,,,,,,,,,,,
1132,8113,14,7,41,89,1,3,10,1,1422,1423,1424,1425,1426,1427,,,,,1,1,1,1,1,1,,,,,,,
1133,8113,47,1,78,82,1,3,10,1,1428,1429,1430,1431,,,,,,,1,1,1,1,,,,,,,,,
1134,8102,1,1,38,68,1,3,10,1,1432,1437,1438,,,,,,,,1,1,1,,,,,,,,,,
1135,8103,1,1,57,56,1,3,10,1,1433,1434,1439,,,,,,,,1,1,1,,,,,,,,,,
1136,8104,2,2,47,45,1,3,10,1,1435,1436,1440,,,,,,,,1,1,1,,,,,,,,,,
1137,8105,1,1,18,18,1,3,10,1,1432,1433,1434,1435,1436,1437,1438,1439,1440,,1,1,1,1,1,1,1,1,1,,,,
1138,8106,1,1,38,58,1,3,10,1,1432,1437,1438,,,,,,,,1,1,1,,,,,,,,,,
1139,8107,1,1,38,56,1,3,10,1,1433,1434,1439,,,,,,,,1,1,1,,,,,,,,,,
1140,8108,1,1,38,40,1,3,10,1,1441,1438,1439,1440,,,,,,,2,1,1,1,,,,,,,,,
1141,8109,1,1,28,28,1,3,10,1,1441,1438,1439,1440,,,,,,,2,1,1,1,,,,,,,,,
1142,8110,1,1,28,28,1,3,10,1,1441,1438,1439,1440,,,,,,,2,1,1,1,,,,,,,,,
1143,8111,1,1,28,28,1,3,10,1,1441,1438,1439,1440,,,,,,,2,1,1,1,,,,,,,,,
1144,8112,1,1,48,58,1,3,10,1,1432,1433,1434,1435,1436,1437,1438,1439,1440,1441,1,1,1,1,1,1,1,1,1,2,,,
1145,7600,210,1,289,120,1,3,10,1,1442,1443,1444,1445,1448,,,,,,1,1,1,1,1,,,,,,,,
1146,7600,1,120,140,180,1,3,10,1,1442,1443,1444,1445,1448,,,,,,1,1,1,1,1,,,,,,,,
1147,7600,1,180,210,297,1,3,10,1,1442,1443,1444,1445,1448,,,,,,1,1,1,1,1,,,,,,,,
1148,7600,140,1,210,120,1,3,10,1,1444,,,,,,,,,,1,,,,,,,,,,,,
1149,7600,1,1,140,120,1,3,10,1,1443,,,,,,,,,,1,,,,,,,,,,,,
1150,7600,210,120,289,180,1,3,10,1,1442,,,,,,,,,,1,,,,,,,,,,,,
1151,7600,210,180,289,297,1,3,10,1,1445,,,,,,,,,,1,,,,,,,,,,,,
1152,7600,140,120,210,180,1,3,10,1,1470,1453,,,,,,,,,1,5,,,,,,,,,,,
1153,8125,1,1,99,99,1,3,10,1,1471,1472,1473,,,,,,,,2,2,1,,,,,,,,,,
1154,8116,1,1,99,99,1,3,10,1,1454,1455,1456,1457,1458,,,,,,1,1,1,1,1,,,,,,,,
1155,8124,1,1,99,99,1,3,10,1,1474,1475,1476,1477,1478,1479,,,,,1,1,1,1,1,1,,,,,,,
1156,8122,1,1,99,99,1,3,10,1,1480,1481,1482,1483,1484,1485,1486,,,,1,1,1,1,1,1,1,,,,,,
1157,8116,1,1,99,99,1,3,10,1,1487,1488,1489,1454,1455,1456,1457,1458,,,1,1,1,1,1,1,1,1,,,,,
1158,8117,1,1,99,99,1,3,10,1,1490,1491,1492,1454,1455,1456,1457,1458,,,1,1,1,1,1,1,1,1,,,,,
1159,8118,1,1,99,99,1,3,10,1,1496,1497,1498,1454,1455,1456,1457,1458,,,1,1,1,1,1,1,1,1,,,,,
1160,8119,1,1,99,99,1,3,10,1,1493,1494,1495,1454,1455,1456,1457,1458,,,1,1,1,1,1,1,1,1,,,,,
1161,8120,1,1,99,99,1,3,10,1,1499,1500,1454,1455,1456,1457,1458,,,,1,1,1,1,1,1,1,,,,,,
1162,147,1,1,80,18,1,3,5,50,1345,1361,1377,1357,1373,1353,1369,1349,1365,1381,2,2,2,2,2,2,2,2,2,1,,,
1163,147,81,1,149,18,1,3,5,50,1346,1362,1378,1358,1374,1354,1370,1350,1366,1382,2,2,2,2,2,2,2,2,2,1,,,
1164,147,1,19,70,38,1,3,5,50,1347,1363,1379,1359,1375,1355,1371,1351,1367,1383,2,2,2,2,2,2,2,2,2,1,,,
1165,147,71,19,149,38,1,3,5,50,1348,1364,1380,1360,1376,1356,1372,1352,1368,1384,2,2,2,2,2,2,2,2,2,1,,,
1166,147,1,39,67,56,1,3,5,50,1419,1365,1345,1361,1377,1357,1373,1353,1369,1385,1,35,35,35,35,35,35,35,35,35,,,
1167,147,68,39,149,56,1,3,5,50,1350,1366,1346,1362,1378,1358,1374,1354,1370,1386,2,2,2,2,2,2,2,2,2,1,,,
1168,147,1,57,70,74,1,3,5,50,1351,1367,1347,1363,1379,1359,1375,1355,1371,1387,2,2,2,2,2,2,2,2,2,1,,,
1169,147,71,57,149,74,1,3,5,50,1352,1368,1348,1364,1380,1360,1376,1356,1372,1388,2,2,2,2,2,2,2,2,2,1,,,
1170,147,1,75,90,92,1,3,5,50,1353,1369,1349,1365,1345,1361,1377,1357,1373,1389,2,2,2,2,2,2,2,2,2,1,,,
1171,147,91,75,149,92,1,3,5,50,1417,1370,1350,1366,1346,1362,1378,1358,1374,1388,1,35,35,35,35,35,35,35,35,35,,,
1173,147,1,93,95,110,1,3,5,50,1355,1371,1351,1367,1347,1363,1379,1359,1375,1387,2,2,2,2,2,2,2,2,2,1,,,
1174,147,96,93,149,110,1,3,5,50,1420,1372,1352,1368,1348,1364,1380,1360,1376,1386,1,35,35,35,35,35,35,35,35,35,,,
1175,147,1,111,110,128,1,3,5,50,1357,1373,1353,1369,1349,1365,1345,1361,1377,1385,2,2,2,2,2,2,2,2,2,1,,,
1176,147,111,111,149,128,1,3,5,50,1358,1374,1354,1370,1350,1366,1346,1362,1378,1384,2,2,2,2,2,2,2,2,2,1,,,
1177,147,1,129,50,149,1,3,5,50,1421,1375,1355,1371,1351,1367,1347,1363,1379,1383,1,35,35,35,35,35,35,35,35,35,,,
1178,147,51,129,1,149,1,3,5,50,1418,1376,1356,1372,1352,1368,1348,1364,1380,1382,1,35,35,35,35,35,35,35,35,35,,,
1179,147,90,111,101,117,1,5,5,60,1381,1384,1387,1345,1348,1351,1354,1357,1360,1363,1,1,1,13,13,13,13,13,13,13,,,
1180,147,127,8,136,15,1,5,5,60,1382,1385,1388,1346,1349,1352,1355,1358,1361,1364,1,1,1,13,13,13,13,13,13,13,,,
1181,147,33,111,42,116,1,5,5,60,1383,1386,1389,1347,1350,1353,1356,1359,1362,1365,1,1,1,13,13,13,13,13,13,13,,,
1182,147,36,89,42,95,1,5,5,60,1390,1396,1379,1373,1366,1360,1354,1348,,,1,1,16,16,16,16,16,16,,,,,
1183,147,7,127,12,134,1,5,5,60,1391,1397,1376,1371,1365,1359,1353,1347,,,1,1,25,25,25,25,25,25,,,,,
1184,147,7,135,12,141,1,5,5,60,1392,1398,1375,1370,1364,1358,1352,1346,,,1,1,16,16,16,16,16,16,,,,,
1185,147,139,35,144,41,1,5,5,60,1393,1399,1374,1369,1363,1357,1351,1380,,,1,1,16,16,16,16,16,16,,,,,
1186,147,132,33,138,40,1,5,5,60,1394,1400,1373,1368,1362,1356,1350,1381,,,1,1,16,16,16,16,16,16,,,,,
1187,147,29,22,36,27,1,5,5,60,1395,1380,1372,1367,1361,1355,1349,1382,,,1,1,16,16,16,16,16,16,,,,,
1188,147,122,53,127,58,1,5,5,60,1401,1409,1345,1353,1361,1369,1377,1349,,,1,1,18,18,18,18,18,18,,,,,
1189,147,78,58,83,64,1,5,5,60,1402,1410,1346,1354,1362,1370,1378,1350,,,1,1,18,18,18,18,18,18,,,,,
1190,147,127,75,133,80,1,5,5,60,1403,1411,1347,1355,1363,1371,1379,1351,,,1,1,18,18,18,18,18,18,,,,,
1191,147,88,32,94,37,1,5,5,60,1404,1412,1348,1356,1364,1372,1380,1352,,,1,1,18,18,18,18,18,18,,,,,
1192,147,125,37,131,44,1,5,5,60,1405,1413,1349,1357,1365,1373,1345,1353,,,1,1,18,18,18,18,18,18,,,,,
1193,147,91,70,96,75,1,5,5,60,1406,1414,1350,1358,1366,1374,1346,1354,,,1,1,18,18,18,18,18,18,,,,,
1194,147,115,17,120,22,1,5,5,60,1407,1415,1351,1359,1367,1375,1347,1355,,,1,1,18,18,18,18,18,18,,,,,
1195,147,9,103,14,107,1,5,5,60,1408,1416,1352,1360,1368,1376,1348,1356,,,1,1,18,18,18,18,18,18,,,,,
1196,147,61,15,65,23,1,5,5,1,1417,1376,1371,1366,1361,1356,1351,,,,1,19,20,20,20,20,20,,,,,,
1197,147,51,11,56,16,1,5,5,1,1418,1377,1372,1367,1362,1357,1352,,,,1,19,20,20,20,20,20,,,,,,
1198,147,33,7,38,11,1,5,5,1,1419,1378,1373,1368,1363,1358,1353,,,,1,19,20,20,20,20,20,,,,,,
1199,147,23,14,27,19,1,5,5,1,1420,1379,1374,1369,1364,1359,1354,,,,1,19,20,20,20,20,20,,,,,,
1200,147,17,108,23,114,1,5,5,1,1421,1380,1375,1370,1365,1360,1355,,,,1,19,20,20,20,20,20,,,,,,
1201,147,125,123,125,123,1,5,5,100,1319,,,,,,,,,,1,,,,,,,,,,,,
1262,80,1,1,44,44,1,3,10,1,1501,,,,,,,,,,1,,,,,,,,,,,,
1263,81,1,1,44,44,1,3,10,1,1502,,,,,,,,,,1,,,,,,,,,,,,
1264,82,1,1,44,44,1,3,10,1,1503,,,,,,,,,,1,,,,,,,,,,,,
1265,83,1,1,44,44,1,3,10,1,1504,,,,,,,,,,1,,,,,,,,,,,,
1266,84,1,1,39,29,1,3,10,1,1501,1502,1503,1504,1505,1506,1507,1508,,,1,1,1,1,1,1,1,1,,,,,
1267,85,1,1,99,119,1,3,10,1,1501,1502,1503,1504,1505,,,,,,1,1,1,1,1,,,,,,,,
1268,86,1,1,119,119,1,3,10,1,1501,1502,1503,1504,1505,,,,,,1,1,1,1,1,,,,,,,,
1269,87,1,1,119,119,1,3,10,1,1501,1502,1503,1504,1505,,,,,,1,1,1,1,1,,,,,,,,
1270,88,1,1,119,119,1,3,10,1,1501,1502,1503,1504,1505,,,,,,1,1,1,1,1,,,,,,,,
1271,89,1,1,119,119,1,3,10,1,1501,1502,1503,1504,1505,,,,,,1,1,1,1,1,,,,,,,,
1272,90,1,1,119,119,1,3,10,1,1501,1502,1503,1504,1505,,,,,,1,1,1,1,1,,,,,,,,
1273,91,1,1,119,119,1,3,10,1,1488,1491,1494,1497,1500,,,,,,1,1,1,1,1,,,,,,,,
1274,92,1,1,49,49,1,3,10,1,1488,1491,1494,1497,1500,,,,,,1,1,1,1,1,,,,,,,,
1275,93,1,1,19,39,1,3,10,1,1488,1491,1494,1497,1500,,,,,,1,1,1,1,1,,,,,,,,
1276,94,1,1,33,55,1,3,10,1,1488,1491,1494,1497,1500,,,,,,1,1,1,1,1,,,,,,,,
1277,95,1,1,46,46,1,3,10,1,1488,1491,1494,1497,1500,,,,,,1,1,1,1,1,,,,,,,,
1278,96,1,1,29,29,1,3,10,1,1488,1491,1494,1497,1500,,,,,,1,1,1,1,1,,,,,,,,
1279,97,1,1,29,29,1,3,10,1,1488,1491,1494,1497,1500,,,,,,1,1,1,1,1,,,,,,,,
1280,98,1,1,29,29,1,3,10,1,1488,1491,1494,1497,1500,,,,,,1,1,1,1,1,,,,,,,,
1281,99,1,1,29,29,1,3,10,1,1488,1491,1494,1497,1500,,,,,,1,1,1,1,1,,,,,,,,
1282,400,1,1,149,77,1,3,10,1,1509,1510,1511,1512,1513,1514,1515,1516,1517,1518,1,1,1,1,1,1,1,1,1,1,,,
1283,400,0,77,149,148,1,5,10,1,523,524,525,526,527,529,809,,,,2,2,2,2,2,1,15,,,,,,
1284,400,0,77,149,148,1,3,10,10,523,524,525,526,527,529,528,713,809,,10,10,10,10,10,2,1,12,65,,,,
1285,1214,0,0,48,48,1,3,10,1,1519,1520,1521,1522,1523,,,,,,1,1,1,1,1,,,,,,,,
1286,10031,1,1,20,20,1,3,10,10,1524,1525,1526,1527,1528,1534,1535,1536,1537,,50,50,50,1,80,80,80,80,,,,,
1287,9031,1,1,20,20,1,3,10,10,1524,1525,1526,1527,1537,,,,,,50,50,50,1,80,,,,,,,,
1288,8031,1,1,20,20,1,3,10,10,1524,1525,1526,1527,1536,,,,,,50,50,50,1,80,,,,,,,,
1289,7031,1,1,20,20,1,3,10,10,1524,1525,1526,1527,1535,,,,,,50,50,50,1,80,,,,,,,,
1290,6031,1,1,20,20,1,3,10,10,1524,1525,1526,1527,1534,,,,,,50,50,50,1,80,,,,,,,,
1291,5031,1,1,20,20,1,3,10,10,1524,1525,1526,1527,1530,1531,1532,1533,,,50,50,50,1,80,80,80,80,,,,,
1292,4031,1,1,20,20,1,3,10,10,1524,1525,1526,1527,1533,,,,,,50,50,50,1,80,,,,,,,,
1293,3031,1,1,20,20,1,3,10,10,1524,1525,1526,1527,1532,,,,,,50,50,50,1,80,,,,,,,,
1294,2031,1,1,20,20,1,3,10,10,1524,1525,1526,1527,1531,,,,,,50,50,50,1,80,,,,,,,,
1295,1041,1,1,20,20,1,3,10,10,1524,1525,1526,1527,1530,,,,,,50,50,50,1,80,,,,,,,,
1296,777,1,1,20,20,1,3,10,10,1539,1538,,,,,,,,,10,1,,,,,,,,,,,

1186,7456,1,1,17,17,1,3,10,1,1631,1632,1633,1634,1635,1636,1637,1638,,,20,20,15,2,2,2,1,1,,,,,
1187,7457,1,1,17,17,1,3,10,1,1631,1632,1633,1634,1635,1636,1637,1638,,,20,20,15,2,2,2,1,1,,,,,
1188,7458,1,1,17,17,1,3,10,1,1631,1632,1633,1634,1635,1636,1637,1638,,,20,20,15,2,2,2,1,1,,,,,
1189,7459,1,1,17,17,1,3,10,1,1624,1625,1626,,,,,,,,1,1,1,,,,,,,,,,
1190,7460,1,1,17,17,1,3,10,1,1624,1625,1626,,,,,,,,1,1,1,,,,,,,,,,
1191,7461,1,1,17,17,1,3,10,1,1624,1625,1626,,,,,,,,1,1,1,,,,,,,,,,
1192,7462,1,1,17,17,1,3,10,1,1624,1625,1626,,,,,,,,1,1,1,,,,,,,,,,
1193,7463,1,1,17,17,1,3,10,1,1624,1625,1626,,,,,,,,1,1,1,,,,,,,,,,
1194,60084,1,1,39,39,1,3,10,1,1627,1628,1629,,,,,,,,1,1,1,,,,,,,,,,
1195,60085,1,1,39,39,1,3,10,1,1627,1628,1629,,,,,,,,1,1,1,,,,,,,,,,
1196,60086,1,1,39,39,1,3,10,1,1627,1628,1629,,,,,,,,1,1,1,,,,,,,,,,
1197,60087,1,1,39,15,1,3,10,1,1627,1628,1629,,,,,,,,1,1,1,,,,,,,,,,
1198,60087,1,15,15,39,1,3,10,1,1627,1628,1629,,,,,,,,1,1,1,,,,,,,,,,
1199,60087,16,16,39,39,1,3,10,1,1627,1628,1629,1630,,,,,,,20,20,20,1,,,,,,,,,
1200,61008,1,1,59,59,10,30,10,10,1639,1540,1541,,,,,,,,1,1,1,,,,,,,,,,
1201,61009,1,1,59,59,10,30,10,10,1639,1540,1541,,,,,,,,1,1,1,,,,,,,,,,
1202,61010,1,1,59,59,10,30,10,10,1639,1540,1541,,,,,,,,1,1,1,,,,,,,,,,
1203,61000,1,1,399,60,1,3,10,1,1542,1543,1544,1545,1546,,,,,,30,30,30,1,1,,,,,,,,
1204,61000,1,61,399,299,1,3,10,1,1552,1553,1554,,,,,,,,1,1,1,,,,,,,,,,
1205,61000,1,300,399,399,1,3,10,1,1547,1548,1549,1550,1551,,,,,,30,30,30,1,1,,,,,,,,
1206,61101,1,1,40,40,10,40,10,10,1555,1556,1557,,,,,,,,1,1,1,,,,,,,,,,
1207,61102,1,1,40,40,10,40,10,10,1555,1556,1557,,,,,,,,1,1,1,,,,,,,,,,
1208,61103,1,1,40,40,10,40,10,10,1555,1556,1557,,,,,,,,1,1,1,,,,,,,,,,
1209,61104,1,1,40,40,10,40,10,10,1555,1556,1557,,,,,,,,1,1,1,,,,,,,,,,
1210,61105,1,1,40,40,10,40,10,10,1555,1556,1557,,,,,,,,1,1,1,,,,,,,,,,
1211,61106,1,1,40,40,10,40,10,10,1555,1556,1557,,,,,,,,1,1,1,,,,,,,,,,
1212,61107,1,1,40,40,10,40,10,10,1555,1556,1557,,,,,,,,1,1,1,,,,,,,,,,
1213,61108,1,1,40,40,10,40,10,10,1555,1556,1557,,,,,,,,1,1,1,,,,,,,,,,
1214,61109,1,1,40,40,10,40,10,10,1555,1556,1557,,,,,,,,1,1,1,,,,,,,,,,
1215,61110,1,1,40,40,10,40,10,10,1555,1556,1557,,,,,,,,1,1,1,,,,,,,,,,
1216,61111,1,1,40,40,10,40,10,10,1555,1556,1557,,,,,,,,1,1,1,,,,,,,,,,
1217,61112,1,1,40,40,10,40,10,10,1555,1556,1557,,,,,,,,1,1,1,,,,,,,,,,
1218,61117,1,1,40,40,10,40,10,10,1555,1556,1557,,,,,,,,1,1,1,,,,,,,,,,
1219,61118,1,1,40,40,10,40,10,10,1555,1556,1557,,,,,,,,1,1,1,,,,,,,,,,
1220,61119,1,1,40,40,10,40,10,10,1555,1556,1557,,,,,,,,1,1,1,,,,,,,,,,
1221,61120,1,1,40,40,10,40,10,10,1555,1556,1557,,,,,,,,1,1,1,,,,,,,,,,
1222,61100,1,1,399,399,1,5,10,1,1558,1559,1560,1561,1562,1563,1564,,,,1,1,1,1,1,1,1,,,,,,
1223,61114,1,1,45,45,100,100,10,10,1565,,,,,,,,,,1,,,,,,,,,,,,
1224,1995,1,1,20,20,1,3,10,5,1566,,,,,,,,,,1,,,,,,,,,,,,
1225,104,1,1,99,99,1,3,10,5,1572,1573,1574,1575,1576,1577,,,,,1,1,1,1,1,1,,,,,,,
1226,61002,1,1,79,79,1,3,10,5,1578,1579,1580,,,,,,,,1,1,1,,,,,,,,,,
1227,61003,1,1,79,79,1,3,10,5,1578,1579,1580,,,,,,,,1,1,1,,,,,,,,,,
1228,61004,1,1,79,79,1,3,10,5,1578,1579,1580,,,,,,,,1,1,1,,,,,,,,,,
1229,61007,1,1,79,79,1,3,10,5,1578,1579,1580,,,,,,,,1,1,1,,,,,,,,,,
1230,61005,1,1,58,99,1,3,10,5,1581,,,,,,,,,,1,,,,,,,,,,,,