乌力,石,木,皮,骨,线,1,10,4.50,20,12,15,25,150,11,80,20,0,0,0,0,0,0,0,0,1,,,,,,,0,1,1,6,100250,1,0,,700,700,,700,700,,700,700,,700,700,,700,700,,1
乌力乌力,石,木,骨,线,牙,2,20,4.50,22,23,11,23,100,11,0,40,60,0,0,0,0,0,0,0,1,2,,,,,,0,1,1,6,100251,1,0,,700,700,,700,700,,700,700,,700,700,,700,700,,1
乌力斯坦,石,木,皮,骨,线,3,15,4.50,22,17,19,17,150,11,100,0,0,0,0,0,0,0,0,0,1,20,,,,,,0,1,1,6,100252,1,0,,700,700,,700,700,,700,700,,700,700,,700,700,,1
乌力布鲁,石,木,骨,线,牙,4,10,4.50,25,23,19,33,300,-1,0,0,70,30,0,0,0,0,0,0,1,150,11,,,,,1,10,10,7,100253,1,0,,700,700,,700,700,,700,700,,700,700,,700,700,,1
黑乌力,石,木,皮,骨,线,5,20,4.50,22,22,24,27,300,-1,50,0,0,50,0,0,0,0,0,0,1,2,-1,-1,-1,-1,-1,1,10,10,7,100388,1,0,,700,700,,700,700,,700,700,,700,700,,700,700,,1
乌力斯坦,石,木,皮,骨,线,6,25,4.50,30,24,27,24,100,11,50,0,0,50,0,0,0,0,0,0,1,20,,,,,,2,1,1,7,100252,1,0,,700,700,,700,700,,700,700,,700,700,,700,700,,1
布比,肉,鱼,串,卵,盐,11,15,4.50,42,20,16,12,240,5,80,20,0,0,0,0,0,0,0,0,1,,,,,,,0,2,0,5,100254,1,0,,600,600,,600,600,,600,600,,600,600,,600,600,,2
金布伊,肉,鱼,串,卵,盐,12,25,4.50,31,20,32,12,270,-1,0,0,30,70,0,0,0,0,0,0,1,2,3,40,,,,1,10,10,7,100255,1,0,,600,600,,600,600,,600,600,,600,600,,600,600,,2
布伊,肉,鱼,串,卵,盐,13,22,4.50,44,21,16,13,240,5,60,40,0,0,0,0,0,0,0,0,1,,,,,,,0,2,0,5,100256,1,0,,600,600,,600,600,,600,600,,600,600,,600,600,,2
布伊比,肉,鱼,串,卵,盐,14,16,4.50,32,26,15,18,240,5,0,40,60,0,0,0,0,0,0,0,1,3,,,,,,0,2,0,5,100257,1,0,,600,600,,600,600,,600,600,,600,600,,600,600,,2
卡布伊,肉,鱼,串,卵,盐,15,23,4.50,30,28,14,20,240,5,100,0,0,0,0,0,0,0,0,0,1,3,,,,,,1,2,0,5,100258,1,0,,600,600,,600,600,,600,600,,600,600,,600,600,,2
加美,肉,鱼,米,卵,饮用水,21,22,4.50,22,23,19,23,210,7,0,0,60,40,0,0,0,0,0,0,1,2,,,,,,0,0,1,5,100259,1,0,,500,500,,500,500,,500,500,,500,500,,500,500,,7
加比,肉,鱼,米,卵,饮用水,22,20,4.50,21,22,18,28,210,7,50,0,0,50,20,0,0,0,0,0,1,60,,,,,,0,0,1,5,100260,1,0,,500,500,,500,500,,500,500,,500,500,,500,500,,7
加比奥,肉,鱼,米,卵,饮用水,23,18,4.50,22,22,18,28,240,5,0,0,0,100,0,0,0,0,0,0,1,2,,,,,,0,0,1,5,100261,1,0,,500,500,,500,500,,500,500,,500,500,,500,500,,7
加斯,肉,鱼,米,卵,饮用水,24,16,4.50,21,22,18,25,210,5,0,0,30,70,0,0,0,0,0,20,1,90,,,,,,0,0,1,5,100262,1,0,,500,500,,500,500,,500,500,,500,500,,500,500,,7
乌宝宝,肉,鱼,米,卵,饮用水,31,13,4.50,17,20,10,32,150,11,30,0,0,70,0,0,0,0,0,0,1,2,,,,,,0,0,1,6,100263,1,0,,700,700,,700,700,,700,700,,700,700,,700,700,,8
威威,肉,鱼,米,卵,饮用水,32,15,4.50,18,21,7,33,150,11,0,0,60,40,0,0,0,0,0,0,1,2,,,,,,0,0,1,6,100264,1,0,,700,700,,700,700,,700,700,,700,700,,700,700,,8
乌卡鲁,肉,鱼,米,卵,饮用水,33,17,4.50,23,19,11,26,150,11,30,70,0,0,0,0,0,0,0,0,1,2,,,,,,0,0,1,6,100265,1,0,,700,700,,700,700,,700,700,,700,700,,700,700,,8
威伯,肉,鱼,米,卵,饮用水,34,20,4.50,17,18,15,29,100,11,60,0,0,40,0,0,0,0,0,0,1,2,,,,,,0,0,1,6,100266,1,0,,700,700,,700,700,,700,700,,700,700,,700,700,,8
贝洛恩,木,皮,骨,线,牙,41,24,4.50,30,12,30,15,210,7,0,100,0,0,0,0,0,0,0,0,1,2,,,,,,0,0,0,5,100267,1,1,,700,700,,700,700,,700,700,,700,700,,700,700,,11
贝洛洛克,木,皮,骨,线,牙,42,19,4.50,29,14,32,13,210,7,70,30,0,0,60,0,0,-20,0,0,1,2,60,,,,,0,0,0,5,100268,1,1,,700,700,,700,700,,700,700,,700,700,,700,700,,11
贝洛宝克尔,木,皮,骨,线,牙,43,23,4.50,30,13,31,14,210,7,30,70,0,0,0,0,0,30,0,0,1,2,80,,,,,0,0,0,5,100269,1,1,,700,700,,700,700,,700,700,,700,700,,700,700,,11
贝洛宝利,木,皮,骨,线,牙,44,22,4.50,29,16,30,15,240,5,0,30,70,0,0,0,0,0,0,30,1,2,90,,,,,0,0,0,5,100270,1,1,,700,700,,700,700,,700,700,,700,700,,700,700,,11
龟之盾,肉,鱼,串,盐,油,51,14,4.50,20,18,34,9,180,9,30,0,0,70,0,0,0,0,0,0,1,2,,,,,,0,0,0,6,100271,1,0,,600,600,,600,600,,600,600,,600,600,,600,600,,12
绿龟,肉,鱼,串,盐,油,52,14,4.50,19,19,35,8,180,9,60,0,0,40,0,0,0,0,0,0,1,2,,,,,,0,0,0,6,100272,1,0,,600,600,,600,600,,600,600,,600,600,,600,600,,12
卡梅兰恩,肉,鱼,串,盐,油,53,12,4.50,20,21,33,10,180,9,0,0,80,20,0,0,0,0,0,0,1,2,10,,,,,0,0,0,6,100273,1,0,,600,600,,600,600,,600,600,,600,600,,600,600,,12
石龟,肉,鱼,串,盐,石,54,20,4.50,21,19,41,4,210,7,90,0,0,10,0,0,-20,65,0,0,1,2,80,,,,,0,0,0,5,100274,1,0,,600,600,,600,600,,600,600,,600,600,,1200,1200,,12
阿哥亚,鱼,串,米,饮用水,碳火,61,20,4.50,23,22,21,18,180,9,0,30,70,0,0,0,0,0,20,0,100,30,,,,,,0,0,3,6,100275,1,1,,700,700,,700,700,,700,700,,700,700,,700,700,,3
尼可斯,鱼,串,米,饮用水,碳火,62,18,4.50,24,20,20,17,180,9,40,60,0,0,0,0,0,0,0,0,1,2,,,,,,0,0,3,6,100276,1,1,,700,700,,700,700,,700,700,,700,700,,700,700,,3
特洛昆,鱼,串,米,饮用水,碳火,63,17,4.50,23,21,23,17,180,9,70,0,0,30,0,0,0,0,0,0,1,2,,,,,,0,0,3,6,100277,1,1,,700,700,,700,700,,700,700,,700,700,,700,700,,3
达克尔,鱼,串,米,饮用水,碳火,64,18,4.50,24,22,21,18,210,7,0,80,20,0,0,0,0,0,0,0,1,2,,,,,,0,0,3,5,100278,1,1,,700,700,,700,700,,700,700,,700,700,,700,700,,3
柏克尔,鱼,串,米,饮用水,碳火,65,19,4.50,21,22,19,23,210,7,0,0,20,80,0,0,0,0,0,0,1,2,,,,,,0,0,3,5,100393,1,1,,700,700,,700,700,,700,700,,700,700,,700,700,,3
拉奇鲁哥,石,线,骨,肉,米,71,23,4.50,22,26,20,26,240,5,0,0,100,0,0,0,0,0,0,0,1,2,,,,,,0,0,3,5,100279,1,0,,300,300,,300,300,,300,300,,300,300,,300,300,,16
呼拔拔,石,线,骨,肉,米,72,24,4.50,22,24,19,27,240,5,0,0,60,40,0,0,0,0,0,0,1,2,,,,,,0,0,3,5,100280,1,0,,300,300,,300,300,,300,300,,300,300,,300,300,,16
多萨金格,石,线,骨,肉,米,73,19,4.50,23,24,23,25,270,3,60,0,0,40,0,0,0,0,0,0,1,2,40,,,,,0,0,3,4,100281,1,0,,300,300,,300,300,,300,300,,300,300,,300,300,,16
鲁尼帖斯,石,线,骨,肉,米,74,22,4.50,23,23,25,22,240,5,100,0,0,0,0,0,0,0,0,0,1,2,,,,,,0,0,3,5,100282,1,0,,300,300,,300,300,,300,300,,300,300,,300,300,,16
卡达鲁卡斯,石,木,皮,骨,线,81,22,4.50,25,23,40,6,240,5,100,0,0,0,0,0,0,0,0,0,1,2,,,,,,0,1,0,5,100283,1,1,,700,700,,700,700,,700,700,,700,700,,700,700,,28
柯伊达,石,木,皮,骨,线,82,22,4.50,25,21,39,5,240,5,80,20,0,0,0,0,0,0,0,0,1,2,,,,,,0,1,0,5,100284,1,1,,700,700,,700,700,,700,700,,700,700,,700,700,,28
柯洛加斯,石,木,皮,骨,线,83,17,4.50,26,24,37,7,240,5,0,40,60,0,0,0,0,0,0,0,1,2,,,,,,0,0,1,5,100285,1,1,,700,700,,700,700,,700,700,,700,700,,700,700,,28
洛奇安,石,木,皮,骨,线,84,23,4.50,25,21,38,6,240,5,80,0,0,20,0,0,0,0,0,0,1,2,,,,,,0,0,1,5,100286,1,1,,700,700,,700,700,,700,700,,700,700,,700,700,,28
洛克斯,石,木,皮,骨,线,85,20,4.50,19,27,43,10,300,-1,50,0,0,50,0,0,0,30,0,0,1,2,,,,,,1,1,0,5,100389,1,1,,500,500,,500,500,,500,500,,500,500,,500,500,,28
阿伊萨,石,木,皮,骨,线,86,22,4.50,27,19,37,6,210,7,50,50,0,0,0,0,0,0,0,0,1,2,,,,,,0,1,0,5,100390,1,1,,500,500,,500,500,,500,500,,500,500,,500,500,,28
格洛格鲁,石,木,皮,骨,线,87,22,4.50,28,24,31,6,210,7,0,60,40,0,0,0,0,0,0,0,1,2,,,,,,0,1,0,5,100391,1,1,,500,500,,500,500,,500,500,,500,500,,500,500,,28
朵洛将恩,石,木,皮,骨,线,88,20,4.50,25,20,36,12,240,5,20,0,0,80,0,0,0,0,0,0,1,2,,,,,,0,1,0,5,100392,1,1,,500,500,,500,500,,500,500,,500,500,,500,500,,28
利则诺顿,木,皮,线,肉,米,91,22,4.50,27,37,19,17,300,1,100,0,0,0,0,0,0,0,0,0,1,2,,,,,,0,5,0,4,100287,1,1,,300,300,,300,300,,300,300,,300,300,,300,300,,17
扬奇洛斯,木,皮,线,肉,米,92,29,4.50,27,36,16,20,270,3,0,30,70,0,0,0,0,0,0,0,1,2,,,,,,0,5,0,4,100288,1,1,,300,300,,300,300,,300,300,,300,300,,300,300,,17
邦浦洛斯,木,皮,线,肉,米,93,27,4.50,25,37,15,21,270,3,0,0,50,50,0,0,0,0,0,0,1,2,,,,,,0,5,0,4,100289,1,1,,300,300,,300,300,,300,300,,300,300,,300,300,,17
邦奇诺,木,皮,线,肉,米,94,26,4.50,24,38,16,20,270,3,0,0,100,0,0,0,0,0,0,0,1,2,,,,,,0,5,0,4,100290,1,1,,300,300,,300,300,,300,300,,300,300,,300,300,,17
布鲁顿,木,皮,线,肉,米,95,25,4.50,25,35,14,24,270,3,0,0,20,80,0,0,0,0,0,0,1,2,,,,,,0,5,0,4,100394,1,1,,300,300,,300,300,,300,300,,300,300,,300,300,,17
克雷尔,石,木,皮,线,牙,101,19,4.50,19,18,20,22,100,11,60,40,0,0,0,0,0,0,0,0,1,2,,,,,,0,0,1,6,100291,1,0,,700,700,,700,700,,700,700,,700,700,,700,700,,4
克克尔,石,木,皮,线,牙,102,20,4.50,20,18,17,24,100,11,0,70,30,0,0,0,0,0,0,0,1,2,,,,,,0,0,1,6,100292,1,0,,700,700,,700,700,,700,700,,700,700,,700,700,,4
克洛尔,石,木,皮,线,牙,103,18,4.50,18,20,18,24,180,9,0,40,60,0,0,0,0,0,0,0,1,2,,,,,,0,0,1,6,100293,1,0,,700,700,,700,700,,700,700,,700,700,,700,700,,4
里斯基,石,木,皮,线,牙,104,17,4.50,19,16,19,23,150,11,20,80,0,0,0,0,0,0,0,0,1,2,,,,,,0,0,1,6,100294,1,0,,700,700,,700,700,,700,700,,700,700,,700,700,,4
卡比特,肉,鱼,串,,,111,18,4.50,14,19,19,27,150,11,0,0,70,30,0,0,0,0,0,0,1,2,,,,,,0,2,0,6,100295,1,0,,700,700,,700,700,,700,700,,,,,,,,5
凯比,肉,鱼,串,,,112,20,4.50,14,19,19,27,100,11,20,0,0,80,0,0,0,0,0,0,1,2,,,,,,0,2,0,6,100296,1,0,,700,700,,700,700,,700,700,,,,,,,,5
昆伊,肉,鱼,串,,,113,15,4.50,13,20,17,25,150,11,0,0,50,50,0,0,0,0,0,0,1,2,,,,,,0,2,0,6,100297,1,0,,700,700,,700,700,,700,700,,,,,,,,5
凯比特,肉,鱼,串,,,114,19,4.50,16,20,16,28,150,9,0,0,0,100,0,0,0,0,0,0,1,2,,,,,,0,2,0,6,100298,1,0,,700,700,,700,700,,700,700,,,,,,,,5
格尔顿,石,木,肉,鱼,米,141,28,4.50,28,28,26,18,300,1,100,0,0,0,0,0,0,0,0,0,1,2,,,,,,0,5,0,4,100307,1,1,,300,300,,300,300,,300,300,,300,300,,300,300,,22
奇拉顿,石,木,肉,鱼,米,142,23,4.50,28,27,23,19,270,3,80,20,0,0,0,0,0,0,0,0,1,2,,,,,,0,5,0,4,100308,1,1,,300,300,,300,300,,300,300,,300,300,,300,300,,22
齐尔格尔顿,石,木,肉,鱼,米,143,27,4.50,28,29,21,20,270,3,0,30,70,0,0,0,0,0,0,0,1,2,,,,,,0,5,0,4,100309,1,1,,300,300,,300,300,,300,300,,300,300,,300,300,,22
格尔格,石,木,肉,鱼,米,144,27,4.50,25,30,20,21,270,3,0,0,90,10,0,0,0,0,0,0,1,2,,,,,,0,5,0,4,100310,1,1,,300,300,,300,300,,300,300,,300,300,,300,300,,22
修宝,鱼,米,卵,饮用水,油,171,18,4.50,26,28,25,16,270,-1,80,20,0,0,0,0,0,0,0,0,1,2,,,,,,1,0,5,6,100319,1,0,,700,700,,700,700,,700,700,,700,700,,700,700,,6
卡拉宝斯,鱼,米,卵,饮用水,油,172,19,4.50,28,23,26,14,240,5,30,70,0,0,0,0,0,0,0,0,1,2,,,,,,0,0,5,5,100320,1,0,,700,700,,700,700,,700,700,,700,700,,700,700,,6
布克布克,鱼,米,卵,饮用水,油,173,25,4.50,26,26,26,17,270,-1,0,50,50,0,0,0,0,0,0,0,1,2,,,,,,1,0,5,6,100321,1,0,,700,700,,700,700,,700,700,,700,700,,700,700,,6
多洛加,鱼,米,卵,饮用水,油,174,21,4.50,25,26,25,16,240,5,0,30,70,0,0,0,0,0,0,20,1,2,90,,,,,0,0,5,5,100322,1,0,,700,700,,700,700,,700,700,,700,700,,700,700,,6
布鲁宝,鱼,米,卵,饮用水,油,175,20,4.50,23,25,24,20,240,5,0,0,40,60,0,0,0,0,0,0,1,2,,,,,,0,0,5,5,100395,1,0,,700,700,,700,700,,700,700,,700,700,,700,700,,6
卡克尔,石,木,皮,骨,牙,181,18,4.50,20,21,21,24,210,7,30,70,0,0,0,0,0,0,0,0,1,2,,,,,,0,0,1,5,100323,1,0,,600,600,,600,600,,600,600,,600,600,,600,600,,23
巴克,石,木,皮,骨,牙,182,20,4.50,17,26,19,27,210,7,0,0,40,60,0,0,0,0,0,0,1,2,,,,,,0,0,1,5,100324,1,0,,600,600,,600,600,,600,600,,600,600,,600,600,,23
鲍,石,木,皮,骨,牙,183,17,4.50,16,23,20,28,210,7,20,0,0,80,0,0,0,0,0,0,1,2,,,,,,0,0,1,5,100325,1,0,,600,600,,600,600,,600,600,,600,600,,600,600,,23
卡拉卡利,石,木,皮,骨,牙,184,17,4.50,15,23,23,26,210,7,70,0,0,30,0,0,0,0,0,0,1,2,,,,,,0,0,1,5,100326,1,0,,600,600,,600,600,,600,600,,600,600,,600,600,,23
贝鲁卡,肉,鱼,串,米,,191,24,4.50,23,28,16,25,240,5,60,40,0,0,0,0,0,0,0,0,1,2,,,,,,0,3,3,5,100327,1,1,,600,600,,600,600,,600,600,,600,600,,,,,24
贝鲁伊卡,肉,鱼,串,米,,192,23,4.50,21,30,13,28,240,5,0,0,30,70,0,0,0,0,0,0,1,2,,,,,,0,3,3,5,100328,1,1,,600,600,,600,600,,600,600,,600,600,,,,,24
格鲁西斯,肉,鱼,串,米,,193,21,4.50,20,30,13,28,240,5,0,0,80,20,0,0,0,0,0,0,1,2,,,,,,0,3,3,5,100329,1,1,,600,600,,600,600,,600,600,,600,600,,,,,24
金格萨贝鲁,石,木,肉,鱼,米,194,25,4.50,19,29,18,29,270,-1,30,0,0,70,0,0,0,0,0,0,1,2,40,,,,,1,3,3,6,100330,1,1,,300,300,,300,300,,300,300,,300,300,,300,300,,24
多利诺布斯,肉,鱼,串,盐,碳火,211,12,4.50,26,21,26,12,210,7,0,30,70,0,0,0,0,0,0,0,1,2,,,,,,0,1,0,5,100335,1,0,,700,700,,700,700,,700,700,,700,700,,700,700,,18
贝恩达斯,肉,鱼,串,盐,碳火,212,16,4.50,28,17,28,11,180,9,20,80,0,0,0,0,0,0,0,0,1,2,,,,,,0,1,0,6,100336,1,0,,700,700,,700,700,,700,700,,700,700,,700,700,,18
多利凯拉,肉,鱼,串,盐,碳火,213,18,4.50,27,18,28,10,180,9,70,30,0,0,0,0,0,0,0,0,1,2,,,,,,0,1,0,6,100337,1,0,,700,700,,700,700,,700,700,,700,700,,700,700,,18
多洛布斯,肉,鱼,串,盐,碳火,214,14,4.50,26,19,29,9,180,9,100,0,0,0,0,0,0,0,0,0,1,2,,,,,,0,1,0,6,100338,1,0,,700,700,,700,700,,700,700,,700,700,,700,700,,18
克邦凯斯,肉,串,盐,碳火,,221,18,4.50,27,27,16,14,180,9,40,60,0,0,0,0,0,0,0,0,1,,,,,,,0,5,0,6,100339,1,0,,700,700,,700,700,,700,700,,700,700,,,,,13
加克拉,肉,串,盐,碳火,,222,22,4.50,26,30,14,16,210,7,0,50,50,0,0,0,0,0,0,0,1,,,,,,,0,5,0,5,100340,1,0,,700,700,,700,700,,700,700,,700,700,,,,,13
加格,肉,串,盐,碳火,,223,23,4.50,30,27,13,16,210,7,0,100,0,0,0,0,0,0,0,0,1,50,,,,,,0,5,0,5,100341,1,0,,700,700,,700,700,,700,700,,700,700,,,,,13
邦恩吉,肉,串,盐,碳火,,224,16,4.50,28,26,15,14,210,9,20,80,0,0,0,0,0,0,20,0,1,100,,,,,,0,5,0,6,100342,1,0,,700,700,,700,700,,700,700,,700,700,,,,,13
奇卡洛斯,石,木,肉,鱼,米,231,28,4.50,28,29,30,18,300,1,30,0,0,70,0,0,0,0,0,0,1,2,,,,,,0,5,0,4,100343,1,1,,300,300,,300,300,,300,300,,300,300,,300,300,,9
奇娜,石,木,肉,鱼,米,232,24,4.50,33,28,31,11,300,1,40,60,0,0,0,0,0,20,0,0,1,2,80,,,,,0,5,0,4,100344,1,1,,300,300,,300,300,,300,300,,300,300,,300,300,,9
奇卡宝斯,石,木,肉,鱼,米,233,25,4.50,28,33,28,14,300,1,0,0,30,70,20,0,0,0,0,0,1,2,61,,,,,0,5,0,4,100345,1,1,,300,300,,300,300,,300,300,,300,300,,300,300,,9
卡卡金宝,石,木,肉,鱼,米,234,26,4.50,30,33,30,12,300,1,0,20,80,0,0,0,0,0,0,20,1,2,90,,,,,0,5,0,4,100346,1,1,,300,300,,300,300,,300,300,,300,300,,300,300,,9
邦奇,石,木,皮,骨,线,241,22,4.50,34,20,24,10,180,7,0,80,20,0,0,0,0,0,0,0,1,2,,,,,,0,0,0,5,100347,1,1,,600,600,,600,600,,600,600,,600,600,,600,600,,14
姆伊,石,木,皮,骨,线,242,20,4.50,36,19,22,10,240,5,0,100,0,0,0,0,0,0,0,0,1,2,110,,,,,0,0,0,5,100348,1,1,,600,600,,600,600,,600,600,,600,600,,600,600,,14
海主人,石,木,皮,骨,线,243,21,4.50,34,19,26,9,180,7,20,80,0,0,0,0,0,0,0,0,1,2,110,,,,,0,0,0,5,100349,1,1,,600,600,,600,600,,600,600,,600,600,,600,600,,14
多鲁宝,石,木,皮,骨,线,244,24,4.50,33,23,24,10,240,-1,0,50,50,0,0,0,0,0,0,0,1,2,,,,,,1,0,0,6,100350,1,1,,600,600,,600,600,,600,600,,600,600,,600,600,,14
布洛多斯,石,木,肉,鱼,米,251,25,4.50,37,27,33,6,300,1,90,10,0,0,0,0,0,0,0,0,1,2,,,,,,0,5,0,4,100351,1,1,,300,300,,300,300,,300,300,,300,300,,300,300,,19
布林帖斯,石,木,肉,鱼,米,252,26,4.50,40,23,32,7,300,1,30,70,0,0,0,0,0,0,0,0,1,2,,,,,,0,5,0,4,100352,1,1,,300,300,,300,300,,300,300,,300,300,,300,300,,19
布拉奇多斯,石,木,肉,鱼,米,253,24,4.50,35,35,28,6,300,1,0,20,80,0,0,0,0,0,0,0,1,2,,,,,,0,5,0,4,100353,1,1,,300,300,,300,300,,300,300,,300,300,,300,300,,19
斯天多斯,石,木,肉,鱼,米,254,28,4.50,40,25,35,5,300,1,50,50,0,0,0,0,0,0,0,0,1,2,,,,,,1,5,0,4,100354,1,1,,300,300,,300,300,,300,300,,300,300,,300,300,,19
邦恩多斯,石,木,肉,鱼,米,255,28,4.50,37,30,27,10,300,1,0,0,20,80,0,0,0,0,0,0,1,2,,,,,,0,5,0,4,100396,1,1,,300,300,,300,300,,300,300,,300,300,,300,300,,19
玛恩摩,石,木,肉,鱼,米,261,27,4.50,50,25,15,8,270,3,90,10,0,0,0,0,0,0,0,0,1,2,,,,,,0,5,0,4,100355,1,1,,300,300,,300,300,,300,300,,300,300,,300,300,,25
恩摩摩,石,木,肉,鱼,米,262,24,4.50,48,27,12,10,270,3,0,20,80,0,0,0,0,0,0,0,1,2,,,,,,0,5,0,4,100356,1,1,,300,300,,300,300,,300,300,,300,300,,300,300,,25
玛摩那斯,石,木,肉,鱼,米,263,26,4.50,51,25,12,10,270,3,70,30,0,0,0,0,0,0,0,0,1,2,,,,,,0,5,0,4,100357,1,1,,300,300,,300,300,,300,300,,300,300,,300,300,,25
玛恩摩洛斯,石,木,肉,鱼,米,264,25,4.50,51,26,12,11,300,1,0,50,50,0,0,0,0,0,0,0,1,2,,,,,,0,5,0,4,100358,1,1,,300,300,,300,300,,300,300,,300,300,,300,300,,25
帖拉格恩,石,皮,线,肉,鱼,271,27,4.50,23,31,23,25,300,1,0,0,20,80,0,0,0,0,0,0,1,2,,,,,,0,1,5,4,100359,1,1,,300,300,,300,300,,300,300,,300,300,,300,300,,10
洛卡伦恩,石,皮,线,肉,鱼,272,26,4.50,22,33,24,24,300,1,0,0,80,20,0,0,0,0,0,0,1,2,,,,,,0,1,5,4,100360,1,1,,300,300,,300,300,,300,300,,300,300,,300,300,,10
加宝格恩,石,皮,线,肉,鱼,273,24,4.50,24,30,24,26,300,1,50,0,0,50,20,0,0,0,0,0,1,2,60,,,,,0,1,5,4,100361,1,1,,300,300,,300,300,,300,300,,300,300,,300,300,,10
朵拉比斯,石,皮,线,肉,鱼,274,23,4.50,24,31,20,30,300,1,0,0,0,100,0,0,0,0,0,0,1,2,,,,,,0,1,5,4,100362,1,1,,300,300,,300,300,,300,300,,300,300,,300,300,,10
火鸡,石,木,皮,线,牙,291,17,4.50,19,18,10,33,180,9,0,0,30,70,0,0,0,0,0,0,1,,,,,,,0,3,1,6,100367,1,0,,700,700,,700,700,,700,700,,700,700,,700,700,,26
克克洛斯,石,木,皮,线,牙,292,20,4.50,18,22,10,35,210,7,0,0,0,100,0,0,0,0,0,0,1,120,,,,,,0,5,2,5,100368,1,0,,700,700,,700,700,,700,700,,700,700,,700,700,,26
霍尔克,石,木,皮,线,牙,293,18,4.50,20,16,12,33,180,9,30,0,0,70,0,0,0,0,0,0,1,,,,,,,0,3,1,6,100369,1,0,,700,700,,700,700,,700,700,,700,700,,700,700,,26
奇宝,石,木,皮,线,牙,294,20,4.50,17,23,11,33,180,9,0,0,80,20,0,0,0,0,0,0,1,,,,,,,0,3,1,6,100370,1,0,,700,700,,700,700,,700,700,,700,700,,700,700,,26
奥卡洛斯,石,皮,线,肉,鱼,301,25,4.50,26,29,28,20,300,1,60,40,0,0,0,0,0,0,0,0,1,2,40,,,,,0,5,5,4,100371,1,1,,300,300,,300,300,,300,300,,300,300,,300,300,,20
左迪洛斯,石,皮,线,肉,鱼,302,26,4.50,28,30,22,22,300,1,0,80,20,0,0,0,0,0,0,0,1,2,40,,,,,0,5,5,4,100372,1,1,,300,300,,300,300,,300,300,,300,300,,300,300,,20
巴朵兰恩,石,皮,线,肉,鱼,303,27,4.50,23,37,20,25,300,1,0,20,80,0,0,0,0,0,0,0,1,2,,,,,,0,5,5,4,100373,1,1,,300,300,,300,300,,300,300,,300,300,,300,300,,20
帖拉所伊朵,石,皮,线,肉,鱼,304,28,4.50,23,35,25,21,300,-3,0,0,50,50,5,5,5,5,5,5,1,2,30,,,,,2,5,5,6,100374,1,1,,300,300,,300,300,,300,300,,300,300,,300,300,,20
布伊德,石,木,骨,肉,米,311,26,4.50,19,22,25,29,270,-1,20,0,0,80,0,0,0,0,0,0,1,2,,,,,,1,0,5,5,100375,1,1,,300,300,,300,300,,300,300,,300,300,,300,300,,27
摩娜西普,石,骨,肉,米,,312,25,4.50,23,23,24,28,270,-1,0,0,0,100,0,0,0,0,0,0,1,2,,,,,,1,0,5,5,100376,1,1,,300,300,,300,300,,300,300,,300,300,,,,,27
卡伊霍恩,石,骨,肉,米,,313,28,4.50,18,26,24,29,270,-1,0,0,80,20,0,0,0,0,0,0,1,2,,,,,,1,0,5,5,100377,1,1,,300,300,,300,300,,300,300,,300,300,,,,,27
拉伊霍恩,石,骨,肉,米,,314,30,4.50,20,25,25,30,300,-3,50,50,0,0,5,5,5,5,5,5,1,2,,,,,,2,0,5,7,100378,1,1,,300,300,,300,300,,300,300,,300,300,,,,,27
邦达霍恩,石,骨,肉,米,,315,30,4.50,20,28,20,32,300,-3,0,0,50,50,5,5,5,5,5,5,1,2,,,,,,2,0,5,7,100430,1,1,,300,300,,300,300,,300,300,,300,300,,,,,27
史多拉奇顿,石,木,骨,肉,米,321,21,4.50,34,19,23,19,270,3,20,80,0,0,0,0,0,0,0,0,1,2,,,,,,0,0,5,4,100379,1,1,,300,300,,300,300,,300,300,,300,300,,300,300,,15
萨美洛斯,石,木,骨,肉,米,322,20,4.50,36,20,23,21,300,1,0,100,0,0,0,0,0,0,0,0,1,2,,,,,,0,0,5,4,100380,1,1,,300,300,,300,300,,300,300,,300,300,,300,300,,15
阿利给洛斯,石,木,骨,肉,米,323,26,4.50,33,19,25,18,270,3,50,50,0,0,0,0,0,0,0,0,1,2,,,,,,0,0,5,4,100381,1,1,,300,300,,300,300,,300,300,,300,300,,300,300,,15
达伊诺洛斯,石,木,骨,肉,米,324,24,4.50,33,23,22,22,300,-1,0,50,50,0,0,0,0,0,0,0,1,2,,,,,,1,0,5,5,100382,1,1,,300,300,,300,300,,300,300,,300,300,,300,300,,15
拉可拉斯,石,木,骨,肉,米,325,23,4.50,34,21,22,20,270,3,0,70,30,0,0,0,0,0,0,0,1,2,,,,,,0,0,5,4,100383,1,1,,300,300,,300,300,,300,300,,300,300,,300,300,,15
邦洛洛克斯,石,皮,骨,线,牙,331,22,4.50,24,19,24,18,210,7,40,60,0,0,0,0,0,0,0,0,1,2,,,,,,0,1,0,5,100384,1,1,,500,500,,500,500,,500,500,,500,500,,500,500,,21
兰贝鲁斯,石,皮,骨,线,牙,332,21,4.50,26,21,21,22,240,5,0,70,30,0,0,0,0,0,0,0,1,2,,,,,,0,1,0,5,100385,1,1,,500,500,,500,500,,500,500,,500,500,,500,500,,21
可利多洛斯,石,皮,骨,线,牙,333,19,4.50,24,20,22,20,210,7,70,30,0,0,0,0,0,0,0,0,1,2,,,,,,0,1,0,5,100386,1,1,,500,500,,500,500,,500,500,,500,500,,500,500,,21
诺斯多洛斯,石,皮,骨,线,牙,334,24,4.50,21,24,19,23,210,7,0,0,90,10,0,0,0,0,0,0,1,2,,,,,,0,1,0,5,100387,1,1,,500,500,,500,500,,500,500,,500,500,,500,500,,21
坏心眼的愿藏,,,,,,500,20,5.00,35,35,20,10,100,0,0,50,50,0,0,0,0,0,0,0,40,2,,,,,,0,10,10,7,100401,0,0,,,,,,,,,,,,,,,,,-1
呼拔吉,,,,,,501,24,5.00,23,25,20,28,100,0,0,0,60,40,0,0,0,0,0,0,40,2,,,,,,0,0,3,7,100280,0,0,,,,,,,,,,,,,,,,,-1
查罕乌鲁夫,,,,,,502,20,5.00,43,28,28,1,100,0,30,0,0,70,0,0,0,0,-50,0,30,3,,,,,,0,12,10,7,100431,0,0,,,,,,,,,,,,,,,,,-1
查罕奇鲁,,,,,,503,20,5.00,28,43,28,1,100,0,0,70,30,0,0,0,-50,0,0,0,3,,,,,,,0,12,10,7,100439,0,0,,,,,,,,,,,,,,,,,-1
查罕鲁德,,,,,,504,20,5.00,28,28,43,1,100,0,0,0,70,30,0,0,0,0,0,-50,40,,,,,,,0,12,10,7,100436,0,0,,,,,,,,,,,,,,,,,-1
龟之助,,,,,,505,14,5.00,22,19,36,11,180,0,30,0,0,70,0,0,0,0,0,0,30,,,,,,,0,0,0,7,100271,0,0,,,,,,,,,,,,,,,,,-1
贝洛彦,,,,,,506,19,5.00,30,15,33,14,240,0,70,30,0,0,30,0,0,0,0,0,61,,,,,,,0,0,0,7,100268,0,1,,,,,,,,,,,,,,,,,-1
近藏,,,,,,507,20,5.00,30,35,10,25,100,0,50,0,0,50,0,0,0,0,0,0,10,,,,,,,0,10,10,7,100407,0,0,,,,,,,,,,,,,,,,,-1
小卡,,,,,,508,18,5.00,20,22,21,25,210,30,30,70,0,0,0,0,0,0,0,0,1,2,,,,,,0,0,1,5,100323,0,0,,,,,,,,,,,,,,,,,-1
山贼,,,,,,509,20,5.00,30,20,25,15,100,0,50,0,0,50,0,0,0,0,0,0,140,150,-1,-1,-1,-1,-1,0,10,10,7,100400,0,0,0,0,0,0,0,0,0,0,0,0,0,0,0,0,0,,-1
山贼格鲁顿,,,,,,510,28,5.00,28,28,26,18,300,1,100,0,0,0,0,0,0,0,0,0,1,2,150,,,,,0,5,0,4,100307,0,1,,,,,,,,,,,,,,,,,-1
盗贼,,,,,,511,20,5.00,20,25,30,25,100,0,0,0,50,50,0,0,0,0,0,0,140,-1,-1,-1,-1,-1,-1,0,10,10,7,100431,0,0,0,0,0,0,0,0,0,0,0,0,0,0,0,0,0,,-1
盗贼拉奇鲁哥,,,,,,512,23,5.00,22,26,20,26,240,5,0,0,100,0,0,0,0,0,0,0,1,2,150,3,,,,0,0,3,5,100279,0,0,,,,,,,,,,,,,,,,,-1
盗贼鲁尼帖斯,,,,,,513,22,5.00,23,23,25,22,240,5,100,0,0,0,0,0,0,0,0,0,1,2,30,3,,,,0,0,3,5,100282,0,0,,,,,,,,,,,,,,,,,-1
盗贼呼拔拔,,,,,,514,24,5.00,22,24,19,27,240,5,0,0,60,40,0,0,0,0,0,0,1,2,,,,,,0,0,3,5,100280,0,0,,,,,,,,,,,,,,,,,-1
怪力的小马,,,,,,515,20,5.00,15,45,10,30,100,0,0,0,100,0,5,5,5,5,5,5,40,-1,-1,-1,-1,-1,-1,0,5,5,7,100405,0,0,0,0,0,0,0,0,0,0,0,0,0,0,0,0,0,,-1
铁壁的小玛摩,,,,,,516,20,5.00,30,10,45,15,100,0,100,0,0,0,5,5,5,5,5,5,30,-1,-1,-1,-1,-1,-1,0,5,5,7,100436,0,0,0,0,0,0,0,0,0,0,0,0,0,0,0,0,0,,-1
疾风的小秒,,,,,,517,20,5.00,15,20,5,60,100,0,0,0,0,100,5,5,5,5,5,5,151,-1,-1,-1,-1,-1,-1,0,5,5,7,100230,0,0,0,0,0,0,0,0,0,0,0,0,0,0,0,0,0,,-1
库,,,,,,518,24,5.00,23,28,16,25,240,5,60,40,0,0,0,0,0,0,0,0,1,2,61,,,,,0,3,3,5,100327,0,1,,,,,,,,,,,,,,,,,-1
乱丸,,,,,,519,22,5.00,26,30,14,16,210,7,0,50,50,0,0,0,0,0,0,0,1,40,,,,,,0,5,0,5,100340,0,0,,,,,,,,,,,,,,,,,-1
琳达,,,,,,520,20,5.00,21,19,41,4,210,7,90,0,0,10,0,0,0,60,0,0,1,2,80,30,,,,0,0,0,5,100274,0,0,,,,,,,,,,,,,,,,,-1
悟,,,,,,521,20,5.00,30,30,20,20,100,0,0,100,0,0,5,5,5,5,5,5,3,30,-1,-1,-1,-1,-1,0,10,10,7,100439,0,0,0,0,0,0,0,0,0,0,0,0,0,0,0,0,0,,-1
唐,,,,,,522,20,5.00,15,20,25,40,100,0,0,0,0,100,5,5,5,5,5,5,150,10,-1,-1,-1,-1,-1,0,10,10,7,100432,0,0,0,0,0,0,0,0,0,0,0,0,0,0,0,0,0,,-1
逃走呼拔拔,,,,,,523,24,5.00,23,25,20,28,240,5,0,0,60,40,0,0,0,0,0,0,1,2,150,,,,,2,5,5,7,100280,0,0,,,,,,,,,,,,,,,,,-1
卡特利奴,肉,鱼,串,米,,524,21,4.50,19,29,12,30,1000000,5,0,0,80,20,0,0,0,0,0,0,1,2,,,,,,0,3,3,5,100329,1,1,,600,600,,600,600,,600,600,,600,600,,,,,-1
钢格之龙,,,,,,525,22,5.00,100,5,0,15,210,7,40,60,0,0,10,10,10,10,10,10,1,2,40,,,,,0,5,5,7,100384,0,1,,,,,,,,,,,,,,,,,-1
刚气之龙,,,,,,526,21,5.00,50,45,5,22,240,5,0,70,30,0,10,10,10,10,10,10,1,2,30,,,,,0,5,5,7,100385,0,1,,,,,,,,,,,,,,,,,-1
疾速之龙,,,,,,527,19,4.50,40,15,5,70,210,7,70,30,0,0,10,10,10,10,10,10,1,2,150,,,,,0,5,5,7,100386,0,1,,,,,,,,,,,,,,,,,-1
一级矿石,,,,,,528,50,1.00,100,0,0,0,100,0,0,0,0,0,1000,1000,1000,1000,1000,1000,0,-1,-1,-1,-1,-1,-1,0,0,0,4,100471,0,1,0,0,0,0,0,0,0,0,0,0,0,0,0,0,0,,-1
特级矿石,,,,,,529,100,1.00,80,0,5,0,100,0,0,0,0,0,1000,1000,1000,1000,1000,1000,0,-1,-1,-1,-1,-1,-1,0,0,0,4,100469,0,1,0,0,0,0,0,0,0,0,0,0,0,0,0,0,0,,-1
超特级矿石,,,,,,530,150,1.00,100,0,25,0,100,0,0,0,0,0,1000,1000,1000,1000,1000,1000,0,-1,-1,-1,-1,-1,-1,0,0,0,4,100470,0,1,0,0,0,0,0,0,0,0,0,0,0,0,0,0,0,,-1
木,,,,,,531,125,1.00,100,0,0,0,100,0,0,0,0,0,1000,1000,1000,1000,1000,1000,0,-1,-1,-1,-1,-1,-1,0,0,0,7,100468,0,0,0,0,0,0,0,0,0,0,0,0,0,0,0,0,0,,-1
矿石小偷,,,,,,532,20,5.00,20,10,20,50,100,0,50,0,0,50,0,0,0,0,0,0,140,-1,-1,-1,-1,-1,-1,0,5,5,7,100400,0,0,0,0,0,0,0,0,0,0,0,0,0,0,0,0,0,,-1
落石,,,,,,534,400,1.00,100,0,0,0,100,0,0,0,0,0,1000,1000,1000,1000,1000,1000,0,-1,-1,-1,-1,-1,-1,0,0,0,7,100471,0,0,0,0,0,0,0,0,0,0,0,0,0,0,0,0,0,,-1
米金恩斯基,,,,,,535,16,5.00,30,28,17,16,210,9,20,80,0,0,0,0,0,0,0,0,1,51,,,,,,0,5,5,7,100342,0,0,,,,,,,,,,,,,,,,,-1
山贼格鲁西斯,,,,,,536,21,5.00,20,30,13,28,240,5,0,0,80,20,0,0,0,0,0,0,1,2,11,61,,,,0,3,3,7,100329,0,1,,,,,,,,,,,,,,,,,-1
SBC审查员,,,,,,537,20,5.00,20,30,20,30,100,0,0,0,50,50,10,10,10,10,10,10,-1,-1,-1,-1,-1,-1,-1,0,5,5,7,100405,0,0,0,0,0,0,0,0,0,0,0,0,0,0,0,0,0,,-1
阿利给洛斯,,,,,,538,26,5.00,33,19,25,18,270,3,50,50,0,0,0,0,0,0,0,0,1,2,51,30,,,,0,0,5,4,100381,0,1,,,,,,,,,,,,,,,,,-1
JBA审查员,,,,,,539,20,5.00,30,20,30,20,100,0,50,50,0,0,10,10,10,10,10,10,-1,-1,-1,-1,-1,-1,-1,0,5,5,7,100436,0,0,0,0,0,0,0,0,0,0,0,0,0,0,0,0,0,,-1
邦浦洛斯,,,,,,540,27,5.00,25,37,15,21,270,3,0,0,50,50,0,0,0,0,0,0,1,2,40,30,,,,0,5,0,4,100289,0,0,,,,,,,,,,,,,,,,,-1
玛琼拉,,,,,,541,20,5.00,10,35,10,45,100,0,0,0,40,60,10,10,10,10,10,10,140,61,80,90,100,110,151,0,10,0,7,100230,0,0,0,0,0,0,0,0,0,0,0,0,0,0,0,0,0,,-1
卡鲁德,,,,,,542,20,5.00,40,40,10,10,100,0,60,40,0,0,10,10,10,10,10,10,140,30,31,-1,-1,-1,-1,0,5,5,7,100436,0,0,0,0,0,0,0,0,0,0,0,0,0,0,0,0,0,,-1
伯恩,,,,,,543,20,5.00,35,15,5,45,100,0,0,0,0,100,10,10,10,10,10,10,140,10,11,12,13,150,-1,0,10,10,7,100065,0,0,0,0,0,0,0,0,0,0,0,0,0,0,0,0,0,,-1
坑夫巴卡斯,,,,,,544,20,5.00,20,45,30,5,100,0,60,40,0,0,5,5,5,5,5,5,30,-1,-1,-1,-1,-1,-1,0,5,5,7,100401,0,0,0,0,0,0,0,0,0,0,0,0,0,0,0,0,0,,-1
阿斯玛鲁原石,,,,,,545,250,1.00,100,0,5,0,100,0,0,0,0,0,1000,1000,1000,1000,1000,1000,0,-1,-1,-1,-1,-1,-1,0,0,0,4,100469,0,1,0,0,0,0,0,0,0,0,0,0,0,0,0,0,0,,-1
利诺恩,,,,,,546,22,5.00,27,37,19,17,300,1,100,0,0,0,10,10,10,10,10,10,1,2,30,31,,,,0,5,5,7,100287,0,1,,,,,,,,,,,,,,,,,-1
奇洛斯,,,,,,547,29,5.00,27,36,16,20,270,3,0,30,70,0,10,10,10,10,10,10,1,2,50,51,52,,,0,5,5,7,100288,0,1,,,,,,,,,,,,,,,,,-1
浦洛斯,,,,,,548,27,5.00,25,37,15,21,270,3,0,0,50,50,10,10,10,10,10,10,1,2,60,61,,,,0,5,7,7,100289,0,1,,,,,,,,,,,,,,,,,-1
奇诺,,,,,,549,26,5.00,24,38,16,20,270,3,0,0,100,0,10,10,10,10,10,10,1,2,40,41,,,,0,5,5,7,100290,0,1,,,,,,,,,,,,,,,,,-1
布鲁德,,,,,,550,25,5.00,25,35,14,24,270,3,0,0,20,80,10,10,10,10,10,10,1,2,110,,,,,0,5,5,7,100394,0,1,,,,,,,,,,,,,,,,,-1
迷路格鲁西斯,,,,,,551,21,5.00,20,30,13,30,240,5,0,0,80,20,0,0,0,0,0,0,1,2,152,40,,,,0,5,5,5,100329,0,1,,,,,,,,,,,,,,,,,-1
水的守护者,,,,,,552,21,5.00,34,19,23,19,270,3,20,80,0,0,10,10,10,10,10,10,1,2,52,51,50,,,0,0,5,7,100379,0,1,,,,,,,,,,,,,,,,,-1
火的守护者,,,,,,553,20,5.00,17,23,11,33,180,9,0,0,80,20,10,10,10,10,10,10,1,152,12,,,,,0,3,1,7,100370,0,0,,,,,,,,,,,,,,,,,-1
风的守护者,,,,,,554,23,5.00,21,30,13,28,240,5,0,0,30,70,10,10,10,10,10,10,1,2,41,40,,,,0,3,3,7,100328,0,1,,,,,,,,,,,,,,,,,-1
地的守护者,,,,,,555,20,5.00,21,19,41,4,210,7,90,0,0,10,10,10,10,60,10,10,1,2,80,30,31,,,0,0,0,7,100274,0,0,,,,,,,,,,,,,,,,,-1
精灵的使者,,,,,,556,20,5.00,20,30,20,30,100,0,50,50,0,0,100,100,100,100,100,100,110,80,90,-1,-1,-1,-1,0,10,30,7,100461,0,0,0,0,0,0,0,0,0,0,0,0,0,0,0,0,0,,-1
杰洛磨树,,,,,,557,150,1.00,100,0,0,0,100,0,0,0,0,0,1000,1000,1000,1000,1000,1000,0,-1,-1,-1,-1,-1,-1,0,0,0,7,100468,0,0,0,0,0,0,0,0,0,0,0,0,0,0,0,0,0,,-1
克克洛斯,石,木,皮,线,牙,558,20,4.50,18,22,10,35,210,7,0,0,0,100,0,0,0,0,0,0,1,120,,,,,,0,5,2,5,100368,1,0,,700,700,,700,700,,700,700,,700,700,,700,700,,-1
多利诺布斯,肉,鱼,串,盐,碳火,559,12,4.50,26,21,26,12,210,9,0,30,70,0,0,0,0,0,0,0,1,2,,,,,,0,1,0,5,100335,1,0,,700,700,,700,700,,700,700,,700,700,,700,700,,-1
龟之盾,肉,鱼,串,盐,油,560,14,4.50,20,18,34,9,180,9,30,0,0,70,0,0,0,0,0,0,1,2,,,,,,0,0,0,6,100271,1,0,,600,600,,600,600,,600,600,,600,600,,600,600,,-1
奇卡洛斯,石,木,肉,鱼,米,561,28,5.00,28,29,30,18,300,1,30,0,0,70,5,5,5,5,5,5,1,2,3,30,31,,,2,5,0,7,100343,0,1,,300,300,,300,300,,300,300,,300,300,,300,300,,-1
卡卡金宝,石,木,肉,鱼,米,562,26,5.00,30,33,30,12,300,1,0,20,80,0,5,5,5,5,5,20,1,2,90,30,31,,,2,5,0,7,100346,0,1,,300,300,,300,300,,300,300,,300,300,,300,300,,-1
冒险者,,,,,,563,20,5.00,20,30,20,30,100,0,0,0,50,50,0,0,0,0,0,0,-1,-1,-1,-1,-1,-1,-1,0,5,5,7,100020,0,0,0,0,0,0,0,0,0,0,0,0,0,0,0,0,0,,-1
冒险者,,,,,,564,20,5.00,20,20,30,30,100,0,50,50,0,0,0,0,0,0,0,0,-1,-1,-1,-1,-1,-1,-1,0,5,5,7,100065,0,0,0,0,0,0,0,0,0,0,0,0,0,0,0,0,0,,-1
冒险者,,,,,,565,20,5.00,25,25,25,25,100,0,50,0,0,50,0,0,0,0,0,0,-1,-1,-1,-1,-1,-1,-1,0,5,5,7,100170,0,0,0,0,0,0,0,0,0,0,0,0,0,0,0,0,0,,-1
冒险者,,,,,,566,20,5.00,25,30,20,25,100,0,0,50,50,0,0,0,0,0,0,0,-1,-1,-1,-1,-1,-1,-1,0,5,5,7,100210,0,0,0,0,0,0,0,0,0,0,0,0,0,0,0,0,0,,-1
旅人,,,,,,567,20,5.00,30,20,30,20,100,0,50,0,0,50,0,0,0,0,0,0,-1,-1,-1,-1,-1,-1,-1,0,5,5,7,100090,0,0,0,0,0,0,0,0,0,0,0,0,0,0,0,0,0,,-1
旅人,,,,,,568,20,5.00,30,20,30,20,100,0,0,50,50,0,0,0,0,0,0,0,-1,-1,-1,-1,-1,-1,-1,0,5,5,7,100105,0,0,0,0,0,0,0,0,0,0,0,0,0,0,0,0,0,,-1
旅人,,,,,,569,20,5.00,25,25,20,30,100,0,50,50,0,0,0,0,0,0,0,0,-1,-1,-1,-1,-1,-1,-1,0,5,5,7,100140,0,0,0,0,0,0,0,0,0,0,0,0,0,0,0,0,0,,-1
旅人,,,,,,570,20,5.00,25,30,20,25,100,0,0,0,50,50,0,0,0,0,0,0,-1,-1,-1,-1,-1,-1,-1,0,5,5,7,100220,0,0,0,0,0,0,0,0,0,0,0,0,0,0,0,0,0,,-1
迷路的小孩子,,,,,,571,20,5.00,20,25,20,35,100,0,0,0,60,40,0,0,0,0,0,0,40,-1,-1,-1,-1,-1,-1,0,5,5,7,100010,0,0,0,0,0,0,0,0,0,0,0,0,0,0,0,0,0,,-1
迷路的小孩子,,,,,,572,20,5.00,15,20,25,40,100,0,60,40,0,0,0,0,0,0,0,0,30,-1,-1,-1,-1,-1,-1,0,5,5,7,100120,0,0,0,0,0,0,0,0,0,0,0,0,0,0,0,0,0,,-1
路痴的盗贼,,,,,,573,20,5.00,15,30,15,30,100,0,50,0,0,50,0,0,0,0,0,0,140,-1,-1,-1,-1,-1,-1,0,5,5,7,100431,0,0,0,0,0,0,0,0,0,0,0,0,0,0,0,0,0,,-1
迷路的山贼,,,,,,574,20,5.00,20,30,20,30,100,0,0,50,50,0,0,0,0,0,0,0,140,-1,-1,-1,-1,-1,-1,0,5,5,7,100400,1,0,0,0,0,0,0,0,0,0,0,0,0,0,0,0,0,,-1
鲁尼帖斯,石,线,骨,肉,米,575,22,5.00,23,23,25,24,240,5,100,0,0,0,0,100,100,100,0,0,1,2,,,,,,2,0,3,5,100282,0,0,,300,300,,300,300,,300,300,,300,300,,300,300,,-1
大地守护兽,肉,鱼,串,盐,碳火,576,14,5.00,28,20,30,10,180,9,100,0,0,0,30,30,30,30,30,30,1,2,30,,,,,0,1,0,6,100338,0,0,,700,700,,700,700,,700,700,,700,700,,700,700,,-1
大地守护兽,石,木,肉,鱼,米,577,25,5.00,39,29,34,6,300,1,90,10,0,0,50,50,50,50,50,50,31,30,41,3,,,,0,5,0,4,100351,0,1,,300,300,,300,300,,300,300,,300,300,,300,300,,-1
贝洛洛克,木,皮,骨,线,牙,578,19,5.00,30,15,33,14,210,7,70,30,0,0,60,30,30,-20,30,30,61,60,,,,,,0,0,0,5,100268,0,1,,700,700,,700,700,,700,700,,700,700,,700,700,,-1
绿龟,肉,鱼,串,盐,油,579,14,5.00,20,20,36,9,180,9,60,0,0,40,30,30,30,30,30,30,30,,,,,,,0,0,0,6,100272,0,0,,600,600,,600,600,,600,600,,600,600,,600,600,,-1
特洛昆,鱼,串,米,饮用水,碳火,580,17,4.50,23,21,23,17,180,9,70,0,0,30,30,30,30,30,30,30,90,,,,,,,0,0,3,6,100277,0,1,,700,700,,700,700,,700,700,,700,700,,700,700,,-1
洛奇安,石,木,皮,骨,线,581,23,4.50,25,21,38,6,240,5,80,0,0,20,30,30,30,30,30,30,110,,,,,,,0,0,1,5,100286,0,1,,700,700,,700,700,,700,700,,700,700,,700,700,,-1
利则诺顿,木,皮,线,肉,米,582,22,4.50,27,37,19,17,300,1,100,0,0,0,30,30,30,30,30,30,151,,,,,,,0,5,0,4,100287,0,1,,300,300,,300,300,,300,300,,300,300,,300,300,,-1
克雷尔,石,木,皮,线,牙,583,19,4.50,19,18,20,22,100,11,60,40,0,0,30,30,30,30,30,30,10,,,,,,,0,0,1,6,100291,0,0,,700,700,,700,700,,700,700,,700,700,,700,700,,-1
卡拉卡利,石,木,皮,骨,牙,584,17,4.50,15,23,23,26,210,7,70,0,0,30,30,30,30,30,30,30,51,,,,,,,0,0,1,5,100326,0,0,,600,600,,600,600,,600,600,,600,600,,600,600,,-1
多利凯拉,肉,鱼,串,盐,碳火,585,18,4.50,27,18,28,10,180,9,70,30,0,0,30,30,30,30,30,30,30,,,,,,,0,1,0,6,100337,0,0,,700,700,,700,700,,700,700,,700,700,,700,700,,-1
乌力斯坦,石,木,皮,骨,线,586,15,4.50,22,17,19,17,150,-20,100,0,0,0,0,0,0,0,0,0,1,20,,,,,,1,1,1,6,100252,1,0,,700,700,,700,700,,700,700,,700,700,,700,700,,-1
布比,肉,鱼,串,卵,盐,587,15,4.50,42,20,16,12,240,-20,80,20,0,0,0,0,0,0,0,0,1,,,,,,,1,2,0,5,100254,1,0,,600,600,,600,600,,600,600,,600,600,,600,600,,-1
卡梅兰恩,肉,鱼,串,盐,油,588,12,4.50,20,21,33,10,180,-20,0,0,80,20,0,0,0,0,0,0,1,2,10,,,,,1,0,0,6,100273,1,0,,600,600,,600,600,,600,600,,600,600,,600,600,,-1
里斯基,石,木,皮,线,牙,589,17,4.50,19,16,19,23,150,-25,20,80,0,0,0,0,0,0,0,0,1,2,,,,,,1,0,1,6,100294,1,0,,700,700,,700,700,,700,700,,700,700,,700,700,,-1
克克洛斯,石,木,皮,线,牙,590,20,4.50,18,22,10,35,210,-30,0,0,0,100,0,0,0,0,0,0,1,120,,,,,,1,5,2,5,100368,1,0,,700,700,,700,700,,700,700,,700,700,,700,700,,-1
火鸡,石,木,皮,线,牙,591,17,5.00,21,20,12,35,180,9,0,0,30,70,40,40,40,40,40,40,1,151,51,,,,,0,3,1,7,100367,0,0,,700,700,,700,700,,700,700,,700,700,,700,700,,-1
克克洛斯,石,木,皮,线,牙,592,20,5.00,20,22,12,37,210,7,0,0,0,100,40,40,40,40,40,40,1,151,51,,,,,0,5,2,7,100368,0,0,,700,700,,700,700,,700,700,,700,700,,700,700,,-1
霍尔克,石,木,皮,线,牙,593,18,5.00,22,18,14,35,180,9,30,0,0,70,0,0,0,0,0,0,1,151,51,,,,,0,3,1,6,100369,0,0,,700,700,,700,700,,700,700,,700,700,,700,700,,-1
奇宝,石,木,皮,线,牙,594,20,5.00,19,25,13,35,180,9,0,0,80,20,0,0,0,0,0,0,1,152,52,,,,,0,3,1,7,100370,0,0,,700,700,,700,700,,700,700,,700,700,,700,700,,-1
戴斯,,,,,,595,20,5.00,30,30,20,20,100,0,60,40,0,0,30,30,30,30,30,30,40,30,-1,-1,-1,-1,-1,0,5,5,7,100432,0,0,0,0,0,0,0,0,0,0,0,0,0,0,0,0,0,,-1
波卡,,,,,,596,20,5.00,20,30,20,30,100,0,0,0,40,60,30,30,30,30,30,30,40,30,-1,-1,-1,-1,-1,0,5,5,7,100436,0,0,0,0,0,0,0,0,0,0,0,0,0,0,0,0,0,,-1
达兹,,,,,,597,20,5.00,20,30,30,20,100,0,0,60,40,0,30,30,30,30,30,30,40,30,-1,-1,-1,-1,-1,0,5,5,7,100434,0,0,0,0,0,0,0,0,0,0,0,0,0,0,0,0,0,,-1
盗贼特沙王,石,线,骨,肉,米,598,19,5.00,24,25,24,26,270,3,60,0,0,40,0,0,0,0,0,0,1,2,40,,,,,0,0,3,7,100281,0,0,,300,300,,300,300,,300,300,,300,300,,300,300,,-1
深蓝色石头,,,,,,599,150,1.00,200,0,50,0,100,0,50,50,0,0,1000,1000,1000,1000,1000,1000,0,-1,-1,-1,-1,-1,-1,0,0,0,4,100470,0,1,0,0,0,0,0,0,0,0,0,0,0,0,0,0,0,,-1
迪克牧,石,木,线,加特洛,美鲁娜,600,50,1.00,1,0,0,0,100,0,0,0,0,0,-100,-100,-100,-100,-100,-100,0,3,60,110,80,40,130,0,100,100,7,100400,1,0,100,1,2,100,1,2,100,1,2,-500,0,0,-500,0,0,,-1
饲育员,,,,,,601,20,5.00,25,25,25,25,100,0,0,0,0,0,30,30,30,30,30,30,-1,-1,-1,-1,-1,-1,-1,2,10,10,7,100040,0,0,0,0,0,0,0,0,0,0,0,0,0,0,0,0,0,,-1
饲育员,,,,,,602,20,5.00,40,20,20,20,100,0,0,0,0,0,30,30,30,30,30,30,-1,-1,-1,-1,-1,-1,-1,2,10,10,7,100040,0,0,0,0,0,0,0,0,0,0,0,0,0,0,0,0,0,,-1
饲育员,,,,,,603,20,5.00,20,40,20,20,100,0,0,0,0,0,30,30,30,30,30,30,-1,-1,-1,-1,-1,-1,-1,2,10,10,7,100040,0,0,0,0,0,0,0,0,0,0,0,0,0,0,0,0,0,,-1
饲育员,,,,,,604,20,5.00,20,20,40,20,100,0,0,0,0,0,30,30,30,30,30,30,-1,-1,-1,-1,-1,-1,-1,2,10,10,7,100040,0,0,0,0,0,0,0,0,0,0,0,0,0,0,0,0,0,,-1
饲育员,,,,,,605,20,5.00,20,20,20,40,100,0,0,0,0,0,30,30,30,30,30,30,-1,-1,-1,-1,-1,-1,-1,2,10,10,7,100040,0,0,0,0,0,0,0,0,0,0,0,0,0,0,0,0,0,,-1
饲育员,,,,,,606,20,5.00,30,30,30,10,100,0,0,0,0,0,30,30,30,30,30,30,-1,-1,-1,-1,-1,-1,-1,2,10,10,7,100040,0,0,0,0,0,0,0,0,0,0,0,0,0,0,0,0,0,,-1
饲育员,,,,,,607,20,5.00,30,30,10,30,100,0,0,0,0,0,30,30,30,30,30,30,-1,-1,-1,-1,-1,-1,-1,2,10,10,7,100040,0,0,0,0,0,0,0,0,0,0,0,0,0,0,0,0,0,,-1
饲育员,,,,,,608,20,5.00,30,10,30,30,100,0,0,0,0,0,30,30,30,30,30,30,-1,-1,-1,-1,-1,-1,-1,2,10,10,7,100040,0,0,0,0,0,0,0,0,0,0,0,0,0,0,0,0,0,,-1
饲育员,,,,,,609,20,5.00,10,30,30,30,100,0,0,0,0,0,30,30,30,30,30,30,-1,-1,-1,-1,-1,-1,-1,2,10,10,7,100040,0,0,0,0,0,0,0,0,0,0,0,0,0,0,0,0,0,,-1
饲育员,,,,,,610,20,5.00,40,40,10,10,100,0,0,0,0,0,30,30,30,30,30,30,-1,-1,-1,-1,-1,-1,-1,2,10,10,7,100040,0,0,0,0,0,0,0,0,0,0,0,0,0,0,0,0,0,,-1
饲育员,,,,,,611,20,5.00,10,40,40,10,100,0,0,0,0,0,30,30,30,30,30,30,-1,-1,-1,-1,-1,-1,-1,2,10,10,7,100040,0,0,0,0,0,0,0,0,0,0,0,0,0,0,0,0,0,,-1
饲育员,,,,,,612,20,5.00,10,10,40,40,100,0,0,0,0,0,30,30,30,30,30,30,-1,-1,-1,-1,-1,-1,-1,2,10,10,7,100040,0,0,0,0,0,0,0,0,0,0,0,0,0,0,0,0,0,,-1
饲育员,,,,,,613,20,5.00,40,10,10,40,100,0,0,0,0,0,30,30,30,30,30,30,-1,-1,-1,-1,-1,-1,-1,2,10,10,7,100040,0,0,0,0,0,0,0,0,0,0,0,0,0,0,0,0,0,,-1
饲育员,,,,,,614,20,5.00,50,30,20,0,100,0,0,0,0,0,30,30,30,30,30,30,-1,-1,-1,-1,-1,-1,-1,2,10,10,7,100040,0,0,0,0,0,0,0,0,0,0,0,0,0,0,0,0,0,,-1
饲育员,,,,,,615,20,5.00,0,50,30,20,100,0,0,0,0,0,30,30,30,30,30,30,-1,-1,-1,-1,-1,-1,-1,2,10,10,7,100040,0,0,0,0,0,0,0,0,0,0,0,0,0,0,0,0,0,,-1
饲育员,,,,,,616,20,5.00,20,0,50,30,100,0,0,0,0,0,30,30,30,30,30,30,-1,-1,-1,-1,-1,-1,-1,2,10,10,7,100040,0,0,0,0,0,0,0,0,0,0,0,0,0,0,0,0,0,,-1
饲育员,,,,,,617,20,5.00,30,20,0,50,100,0,0,0,0,0,30,30,30,30,30,30,-1,-1,-1,-1,-1,-1,-1,2,10,10,7,100040,0,0,0,0,0,0,0,0,0,0,0,0,0,0,0,0,0,,-1
火之守护兽,石,皮,线,肉,鱼,650,27,5.00,25,40,22,27,300,1,0,20,80,0,50,50,50,50,50,50,12,11,10,152,,,,0,5,5,7,100373,0,1,,300,300,,300,300,,300,300,,300,300,,300,300,,-1
火之守护兽,木,皮,线,肉,米,651,26,5.00,25,39,18,23,270,3,0,0,100,0,30,30,30,30,30,30,50,51,52,,,,,0,5,0,7,100290,0,1,,300,300,,300,300,,300,300,,300,300,,300,300,,-1
卡梅兰恩,肉,鱼,串,盐,油,652,12,5.00,21,22,34,11,180,9,0,0,80,20,30,30,30,30,30,30,30,10,,,,,,0,0,0,6,100273,0,0,,600,600,,600,600,,600,600,,600,600,,600,600,,-1
卡比特,肉,鱼,串,,,653,18,5.00,15,20,20,28,150,11,0,0,70,30,30,30,30,30,30,30,61,,,,,,,0,2,0,6,100295,0,0,,700,700,,700,700,,700,700,,,,,,,,-1
诺斯多洛斯,石,皮,骨,线,牙,654,24,5.00,22,25,20,24,210,7,0,0,90,10,30,30,30,30,30,30,51,,,,,,,0,1,0,5,100387,0,1,,500,500,,500,500,,500,500,,500,500,,500,500,,-1
加美,肉,鱼,米,卵,饮用水,655,22,5.00,23,24,20,24,210,7,0,0,60,40,30,30,30,30,30,30,40,,,,,,,0,0,1,5,100259,0,0,,500,500,,500,500,,500,500,,500,500,,500,500,,-1
贝洛宝利,木,皮,骨,线,牙,656,22,5.00,30,17,31,16,240,5,0,30,70,0,30,30,30,30,30,30,90,30,,,,,,0,0,0,5,100270,0,1,,700,700,,700,700,,700,700,,700,700,,700,700,,-1
阿哥亚,鱼,串,米,饮用水,碳火,657,20,5.00,24,23,22,19,180,9,0,30,70,0,30,30,30,30,30,30,100,30,31,,,,,0,0,3,6,100275,0,1,,700,700,,700,700,,700,700,,700,700,,700,700,,-1
多洛加,鱼,米,卵,饮用水,油,658,21,5.00,26,27,26,17,240,5,0,30,70,0,30,30,30,30,30,30,90,110,,,,,,0,0,5,5,100322,0,0,,700,700,,700,700,,700,700,,700,700,,700,700,,-1
拉奇鲁哥,石,线,骨,肉,米,659,23,5.00,23,27,21,27,240,5,0,0,100,0,30,30,30,30,30,30,150,,,,,,,0,0,3,5,100279,0,0,,300,300,,300,300,,300,300,,300,300,,300,300,,-1
格鲁西斯,肉,鱼,串,米,,660,21,5.00,21,31,14,29,240,5,0,0,80,20,30,30,30,30,30,30,3,,,,,,,0,3,3,5,100329,0,1,,600,600,,600,600,,600,600,,600,600,,,,,-1
风之守护兽,石,木,肉,鱼,米,661,28,5.00,30,30,32,20,300,1,30,0,0,70,50,50,50,50,50,50,30,31,,,,,,0,5,0,7,100343,0,1,,300,300,,300,300,,300,300,,300,300,,300,300,,-1
风之守护兽,木,皮,线,肉,米,662,25,5.00,27,37,16,26,270,3,0,0,20,80,30,30,30,30,30,30,152,13,12,11,10,,,0,5,0,7,100394,0,1,,300,300,,300,300,,300,300,,300,300,,300,300,,-1
乌宝宝,肉,鱼,米,卵,饮用水,663,13,5.00,18,21,11,33,150,11,30,0,0,70,30,30,30,30,30,30,41,,,,,,,0,0,1,7,100263,0,0,,700,700,,700,700,,700,700,,700,700,,700,700,,-1
柏克尔,鱼,串,米,饮用水,碳火,664,19,5.00,22,23,20,24,210,7,0,0,20,80,30,30,30,30,30,30,100,,,,,,,0,0,3,7,100393,0,1,,700,700,,700,700,,700,700,,700,700,,700,700,,-1
加斯,肉,鱼,米,卵,饮用水,665,16,5.00,22,23,19,26,210,5,0,0,30,70,30,30,30,30,30,30,90,,,,,,,0,0,1,5,100262,0,0,,500,500,,500,500,,500,500,,500,500,,500,500,,-1
龟之盾,肉,鱼,串,盐,油,666,14,5.00,21,19,35,10,180,9,30,0,0,70,30,30,30,30,30,30,30,,,,,,,0,0,0,6,100271,0,0,,600,600,,600,600,,600,600,,600,600,,600,600,,-1
加比奥,肉,鱼,米,卵,饮用水,667,18,5.00,23,23,19,29,240,5,0,0,0,100,30,30,30,30,30,30,110,,,,,,,0,0,1,5,100261,0,0,,500,500,,500,500,,500,500,,500,500,,500,500,,-1
卡比特,肉,鱼,串,,,668,19,5.00,17,21,17,29,150,9,0,0,0,100,30,30,30,30,30,30,61,,,,,,,0,2,0,6,100298,0,0,,700,700,,700,700,,700,700,,,,,,,,-1
克克洛斯,石,木,皮,线,牙,669,20,5.00,19,23,11,36,210,7,0,0,0,100,30,30,30,30,30,30,51,,,,,,,0,5,2,5,100368,0,0,,700,700,,700,700,,700,700,,700,700,,700,700,,-1
鲍,石,木,皮,骨,牙,670,17,5.00,17,24,21,29,210,7,20,0,0,80,30,30,30,30,30,30,80,,,,,,,0,0,1,5,100325,0,0,,600,600,,600,600,,600,600,,600,600,,600,600,,-1
贝鲁伊卡,肉,鱼,串,米,,671,23,5.00,22,31,14,29,240,5,0,0,30,70,30,30,30,30,30,30,30,,,,,,,0,3,3,5,100328,0,1,,600,600,,600,600,,600,600,,600,600,,,,,-1
库埃斯的弟子,,,,,,672,20,5.00,25,25,25,25,100,0,50,50,0,0,30,30,30,30,30,30,-1,-1,-1,-1,-1,-1,-1,0,5,5,7,100400,0,0,0,0,0,0,0,0,0,0,0,0,0,0,0,0,0,,-1
库埃斯的弟子,,,,,,673,20,5.00,30,20,30,20,100,0,0,0,50,50,30,30,30,30,30,30,-1,-1,-1,-1,-1,-1,-1,0,5,5,7,100431,0,0,0,0,0,0,0,0,0,0,0,0,0,0,0,0,0,,-1
伊特纳的弟子,,,,,,674,20,5.00,20,30,20,30,100,0,100,0,0,0,30,30,30,30,30,30,-1,-1,-1,-1,-1,-1,-1,0,5,5,7,100405,0,0,0,0,0,0,0,0,0,0,0,0,0,0,0,0,0,,-1
伊特纳的弟子,,,,,,675,20,5.00,30,30,20,20,100,0,0,100,0,0,30,30,30,30,30,30,-1,-1,-1,-1,-1,-1,-1,0,5,5,7,100436,0,0,0,0,0,0,0,0,0,0,0,0,0,0,0,0,0,,-1
兹基的弟子,,,,,,676,20,5.00,30,20,20,30,100,0,0,0,100,0,30,30,30,30,30,30,-1,-1,-1,-1,-1,-1,-1,0,5,5,7,100100,0,0,0,0,0,0,0,0,0,0,0,0,0,0,0,0,0,,-1
兹基的弟子,,,,,,677,20,5.00,20,30,30,20,100,0,0,0,0,100,30,30,30,30,30,30,-1,-1,-1,-1,-1,-1,-1,0,5,5,7,100090,0,0,0,0,0,0,0,0,0,0,0,0,0,0,0,0,0,,-1
乌力斯坦,石,木,皮,骨,线,678,15,4.50,110,17,19,17,150,11,100,0,0,0,100,100,100,100,100,100,30,41,,,,,,0,1,1,7,100252,0,0,,700,700,,700,700,,700,700,,700,700,,700,700,,-1
加格,肉,串,盐,碳火,,679,23,4.50,150,27,13,16,210,7,0,100,0,0,100,100,100,100,100,100,60,61,80,90,100,110,52,0,5,0,7,100341,0,0,,700,700,,700,700,,700,700,,700,700,,,,,-1
火鸡,石,木,皮,线,牙,680,17,4.50,95,18,10,33,180,9,0,0,30,70,100,100,100,100,100,100,152,13,12,10,11,,,0,3,1,7,100367,0,0,,700,700,,700,700,,700,700,,700,700,,700,700,,-1
恩摩摩,石,木,肉,鱼,米,681,24,4.50,240,27,12,10,270,3,0,20,80,0,100,100,100,100,100,100,30,31,,,,,,0,5,0,7,100356,0,1,,300,300,,300,300,,300,300,,300,300,,300,300,,-1
水的守护兽,石,皮,线,肉,鱼,682,26,5.00,30,32,24,24,300,1,0,80,20,0,50,50,50,50,50,50,40,41,52,3,,,,0,5,5,7,100372,0,1,,300,300,,300,300,,300,300,,300,300,,300,300,,-1
水的守护兽,石,木,骨,肉,米,683,20,5.00,38,22,25,23,300,1,0,100,0,0,30,30,30,30,30,30,30,31,,,,,,0,0,5,7,100380,0,1,,300,300,,300,300,,300,300,,300,300,,300,300,,-1
贝洛恩,木,皮,骨,线,牙,684,24,5.00,32,12,32,15,210,7,0,100,0,0,0,0,0,0,0,0,30,31,,,,,,0,0,0,5,100267,0,1,,700,700,,700,700,,700,700,,700,700,,700,700,,-1
贝洛宝克尔,木,皮,骨,线,牙,685,23,5.00,30,13,33,14,210,7,30,70,0,0,30,30,30,60,30,30,61,90,80,,,,,0,0,0,7,100269,0,1,,700,700,,700,700,,700,700,,700,700,,700,700,,-1
利斯基,石,木,皮,线,牙,686,17,5.00,19,16,19,25,150,11,20,80,0,0,30,30,30,30,30,30,10,11,12,13,,,,0,0,1,7,100294,0,0,,700,700,,700,700,,700,700,,700,700,,700,700,,-1
卡克尔,石,木,皮,骨,牙,687,18,4.50,20,21,21,26,210,7,30,70,0,0,30,30,30,30,30,30,40,41,,,,,,0,0,1,7,100323,0,0,,600,600,,600,600,,600,600,,600,600,,600,600,,-1
史多拉奇顿,石,木,骨,肉,米,688,21,5.00,36,19,23,19,270,3,20,80,0,0,30,30,30,30,30,30,30,31,,,,,,0,0,5,7,100379,0,1,,300,300,,300,300,,300,300,,300,300,,300,300,,-1
兰贝鲁斯,石,皮,骨,线,牙,689,21,5.00,28,21,21,22,240,5,0,70,30,0,30,30,30,30,30,30,60,61,,,,,,0,1,0,7,100385,0,1,,500,500,,500,500,,500,500,,500,500,,500,500,,-1
邦奇,石,木,皮,骨,线,690,22,5.00,36,20,24,10,180,7,0,80,20,0,30,30,30,30,30,30,30,,,,,,,0,0,0,7,100347,0,1,,600,600,,600,600,,600,600,,600,600,,600,600,,-1
加格,肉,串,盐,碳火,,691,23,5.00,32,27,13,16,210,7,0,100,0,0,30,30,30,30,30,30,50,51,52,,,,,0,5,0,7,100341,0,0,,700,700,,700,700,,700,700,,700,700,,,,,-1
贝恩达斯,肉,鱼,串,盐,碳火,692,16,5.00,30,17,30,11,180,9,20,80,0,0,30,30,30,30,30,30,3,,,,,,,0,1,0,7,100336,0,0,,700,700,,700,700,,700,700,,700,700,,700,700,,-1
大地守护兽,肉,鱼,串,盐,碳火,693,14,4.50,23,15,25,5,100000,-3,100,0,0,0,0,0,0,0,0,0,1,2,,,,,,0,1,0,6,100338,1,0,,700,700,,700,700,,700,700,,700,700,,700,700,,-1
水的守护兽,石,木,骨,肉,米,694,20,4.50,33,17,20,18,100000,-3,0,100,0,0,0,0,0,0,0,0,1,2,,,,,,0,0,5,4,100380,1,1,,300,300,,300,300,,300,300,,300,300,,300,300,,-1
火的守护兽,木,皮,线,肉,米,695,26,4.50,20,34,13,18,100000,-3,0,0,100,0,0,0,0,0,0,0,1,2,,,,,,0,5,0,4,100290,1,1,,300,300,,300,300,,300,300,,300,300,,300,300,,-1
风的守护兽,木,皮,线,肉,米,696,25,4.50,22,32,11,21,100000,-3,0,0,20,80,0,0,0,0,0,0,1,2,,,,,,0,5,0,4,100394,1,1,,300,300,,300,300,,300,300,,300,300,,300,300,,-1
漆黑的守护兽,石,木,皮,骨,线,697,25,5.00,30,30,43,4,300,-1,50,50,0,0,100,100,100,100,100,100,80,30,31,3,,,,1,1,0,7,100389,0,1,,500,500,,500,500,,500,500,,500,500,,500,500,,-1
帖拉所伊朵,石,皮,线,肉,鱼,698,28,5.00,25,37,27,23,300,-3,0,0,50,50,100,100,100,100,100,100,52,152,13,31,110,90,3,2,5,5,7,100374,0,1,,300,300,,300,300,,300,300,,300,300,,300,300,,-1
多洛布斯,肉,鱼,串,盐,碳火,699,14,5.00,28,20,30,10,180,9,100,0,0,0,30,30,30,30,30,30,1,2,30,,,,,2,1,0,7,100338,0,0,,700,700,,700,700,,700,700,,700,700,,700,700,,-1
萨美洛斯,石,木,骨,肉,米,700,20,5.00,38,22,25,23,300,1,0,100,0,0,30,30,30,30,30,30,30,31,,,,,,2,0,5,7,100380,0,1,,300,300,,300,300,,300,300,,300,300,,300,300,,-1
邦奇诺,木,皮,线,肉,米,701,26,5.00,25,39,18,23,270,3,0,0,100,0,30,30,30,30,30,30,50,51,52,,,,,2,5,0,7,100290,0,1,,300,300,,300,300,,300,300,,300,300,,300,300,,-1
布鲁顿,木,皮,线,肉,米,702,25,5.00,27,37,16,26,270,3,0,0,20,80,30,30,30,30,30,30,152,13,12,11,10,,,2,5,0,7,100394,0,1,,300,300,,300,300,,300,300,,300,300,,300,300,,-1
布洛多斯,石,木,肉,鱼,米,703,25,5.00,39,29,34,6,300,1,90,10,0,0,50,50,50,50,50,50,31,30,41,3,,,,2,5,0,7,100351,0,1,,300,300,,300,300,,300,300,,300,300,,300,300,,-1
左迪洛斯,石,皮,线,肉,鱼,704,26,5.00,30,32,24,24,300,1,0,80,20,0,50,50,50,50,50,50,40,41,52,3,,,,2,5,5,7,100372,0,1,,300,300,,300,300,,300,300,,300,300,,300,30,,-1
巴朵兰恩,石,皮,线,肉,鱼,705,27,5.00,25,40,22,27,300,1,0,20,80,0,50,50,50,50,50,50,12,11,10,152,,,,2,5,5,7,100373,0,1,,300,300,,300,300,,300,300,,300,300,,300,300,,-1
奇卡洛斯,石,木,肉,鱼,米,706,28,5.00,30,30,32,20,300,1,30,0,0,70,50,50,50,50,50,50,30,31,,,,,,2,5,0,7,100343,0,1,,300,300,,300,300,,300,300,,300,300,,300,300,,-1
布伊德,石,木,骨,肉,米,707,26,5.00,21,24,27,31,270,-1,20,0,0,80,100,100,100,100,100,100,90,10,11,12,13,,,2,0,5,7,100375,0,0,,300,300,,300,300,,300,300,,300,300,,300,300,,-1
摩娜西普,石,骨,肉,米,,708,25,5.00,25,25,26,30,270,-1,0,0,0,100,100,100,100,100,100,100,110,10,11,12,13,,,2,0,5,7,100376,0,0,,300,300,,300,300,,300,300,,300,300,,,,,-1
卡伊霍恩,石,骨,肉,米,,709,28,5.00,20,28,26,31,270,-1,0,0,80,20,100,100,100,100,100,100,100,10,11,12,13,,,2,0,5,7,100377,0,0,,300,300,,300,300,,300,300,,300,300,,,,,-1
拉伊霍恩,石,骨,肉,米,,710,30,5.00,22,27,27,32,300,-3,50,50,0,0,100,100,100,100,100,100,80,152,,,,,,2,0,5,7,100378,0,0,,300,300,,300,300,,300,300,,300,300,,,,,-1
邦达霍恩,石,骨,肉,米,,711,30,5.00,22,30,22,34,300,-3,0,0,50,50,100,100,100,100,100,100,60,61,152,,,,,2,0,5,7,100430,0,0,,300,300,,300,300,,300,300,,300,300,,,,,-1
正义的蛮猪侠,,,,,,712,40,8.00,35,55,50,35,100,0,0,50,50,0,0,0,0,0,0,0,41,2,13,,,,,0,10,10,7,100407,0,0,,,,,,,,,,,,,,,,,-1
PC团盗贼老大,,,,,,713,20,5.00,50,50,45,50,100,0,0,50,50,0,0,0,0,0,0,0,60,40,120,151,,,,0,5,5,7,100401,0,0,0,0,0,0,0,0,0,0,0,0,0,0,0,0,0,,-1
PC团盗贼,,,,,,714,20,5.00,50,40,20,50,100,0,0,50,50,0,0,0,0,0,0,0,41,40,,,,,,0,5,5,7,100400,0,0,0,0,0,0,0,0,0,0,0,0,0,0,0,0,0,,-1
龙王的守卫,,,,,,715,27,6.00,30,45,25,34,300,0,0,20,80,0,50,50,50,50,50,50,1,13,51,150,,,,2,5,5,7,100373,0,1,,300,300,,300,300,,300,300,,300,300,,300,300,,-1
小乌乌,石,木,皮,骨,线,716,10,4.50,24,15,15,22,1,1,80,20,0,0,0,0,0,0,0,0,1,,,,,,,0,1,1,6,100250,1,0,,700,700,,700,700,,700,700,,700,700,,700,700,,-1
小坦坦,石,木,皮,骨,线,717,15,4.50,22,17,19,17,150,1,100,0,0,0,0,0,0,0,0,0,1,20,,,,,,0,1,1,6,100252,1,0,,700,700,,700,700,,700,700,,700,700,,700,700,,-1
玛蕾菲雅,木,石,米,碳火,饮用水,718,20,5.00,25,25,25,25,100,0,100,0,0,0,10,10,10,50,10,10,1,2,-1,-1,-1,-1,-1,0,5,5,7,100451,0,0,,700,700,,700,700,,700,700,,700,700,,700,700,10,-1
迪欧,,,,,,719,20,5.00,35,35,20,10,100,0,0,50,50,0,0,0,0,0,0,0,1,2,,,,,,0,10,10,7,100401,0,0,,,,,,,,,,,,,,,,30,-1
鲁乌,,,,,,720,20,5.00,35,35,20,10,100,0,0,50,50,0,0,0,0,0,0,0,1,2,,,,,,0,10,10,7,100432,0,0,,,,,,,,,,,,,,,,30,-1
爱丽儿队的加美,,,,,,721,22,4.50,22,23,19,23,210,7,0,0,60,40,0,0,0,0,0,0,1,2,,,,,,0,0,1,5,100259,1,0,,,,,,,,,,,,,,,,33,-1
巴朵兰恩,石,皮,线,肉,鱼,724,37,4.50,23,37,20,25,300,1,0,50,50,0,0,0,0,0,0,0,1,2,,,,,,2,5,5,7,100373,1,1,,300,300,,300,300,,300,300,,300,300,,300,300,0,-1
扑满乌力,石,木,皮,骨,线,725,25,4.50,31,27,28,33,300,-5,0,0,0,100,0,0,0,0,0,0,1,2,,,,,,2,1,1,7,100820,1,0,,700,700,,700,700,,700,700,,700,700,,700,700,,1
乌力莱德,石,木,皮,骨,线,726,21,4.50,32,27,20,26,100,11,0,80,20,0,0,0,0,0,0,0,1,2,,,,,,0,1,1,6,100821,1,0,,700,700,,700,700,,700,700,,700,700,,700,700,,1
乌力固力,石,木,皮,骨,线,727,20,4.50,26,24,26,32,150,11,60,0,0,40,0,0,0,0,0,0,1,2,,,,,,0,1,1,6,100822,1,0,,700,700,,700,700,,700,700,,700,700,,700,700,,1
布依布鲁,肉,鱼,串,卵,盐,728,23,4.50,44,24,23,17,150,11,30,70,0,0,0,0,0,0,0,0,1,2,,,,,,0,1,1,5,100823,1,0,,700,700,,700,700,,700,700,,700,700,,700,700,,2
布依布依,肉,鱼,串,卵,盐,729,23,4.50,44,28,19,18,150,11,0,70,30,0,0,0,0,0,0,0,1,2,,,,,,0,1,1,5,100824,1,0,,700,700,,700,700,,700,700,,700,700,,700,700,,2
布依胖,肉,鱼,串,卵,盐,730,27,4.50,34,29,25,23,250,-1,0,0,60,40,0,0,0,0,0,0,1,2,,,,,,1,1,1,6,100825,1,0,,700,700,,700,700,,700,700,,700,700,,700,700,,2
加加,肉,鱼,米,卵,饮用水,731,21,4.50,27,25,25,26,150,11,60,40,0,0,0,0,0,0,0,0,1,2,,,,,,0,1,1,5,100826,1,0,,700,700,,700,700,,700,700,,700,700,,700,700,,7
加斯奥,肉,鱼,米,卵,饮用水,732,23,4.50,24,31,21,28,150,11,0,0,80,20,0,0,0,0,0,0,1,2,,,,,,0,1,1,5,100827,1,0,,700,700,,700,700,,700,700,,700,700,,700,700,,7
加格雷依,肉,鱼,米,卵,饮用水,733,21,4.50,29,27,22,25,150,11,0,60,40,0,0,0,0,0,0,0,1,2,,,,,,0,1,1,5,100828,1,0,,700,700,,700,700,,700,700,,700,700,,700,700,,7
比比加,肉,鱼,米,卵,饮用水,734,22,4.50,29,25,24,26,150,11,40,60,0,0,0,0,0,0,0,0,1,2,,,,,,0,1,1,5,100829,1,0,,700,700,,700,700,,700,700,,700,700,,700,700,,7
乌宝依,肉,鱼,米,卵,饮用水,735,18,4.50,23,28,13,35,250,-1,0,0,80,20,0,0,0,0,0,0,1,2,,,,,,1,1,1,6,100830,1,0,,700,700,,700,700,,700,700,,700,700,,700,700,,8
威斯,肉,鱼,米,卵,饮用水,736,17,4.50,29,23,14,31,150,11,0,80,20,0,0,0,0,0,0,0,1,2,,,,,,0,1,1,6,100831,1,0,,700,700,,700,700,,700,700,,700,700,,700,700,,8
威比,肉,鱼,米,卵,饮用水,737,17,4.50,22,24,13,39,150,11,0,0,30,70,0,0,0,0,0,0,1,2,,,,,,0,1,1,6,100832,1,0,,700,700,,700,700,,700,700,,700,700,,700,700,,8
乌拉拉,肉,鱼,米,卵,饮用水,738,16,4.50,26,22,19,33,150,11,90,0,0,10,0,0,0,0,0,0,1,2,,,,,,0,1,1,6,100833,1,0,,700,700,,700,700,,700,700,,700,700,,700,700,,8
贝洛金,木,皮,骨,线,牙,739,21,4.50,32,19,34,19,150,11,0,0,40,60,0,0,0,0,0,0,1,2,,,,,,0,1,1,5,100834,1,1,,700,700,,700,700,,700,700,,700,700,,700,700,,11
贝洛格,木,皮,骨,线,牙,740,19,4.50,34,17,39,15,150,11,80,20,0,0,0,0,0,0,0,0,1,2,,,,,,0,1,1,5,100835,1,1,,700,700,,700,700,,700,700,,700,700,,700,700,,11
贝洛贝,木,皮,骨,线,牙,741,20,4.50,33,17,37,18,150,11,70,0,0,30,0,0,0,0,0,0,1,2,,,,,,0,1,1,5,100836,1,1,,700,700,,700,700,,700,700,,700,700,,700,700,,11
贝洛波波,木,皮,骨,线,牙,742,23,4.50,36,20,35,16,250,-1,0,50,50,0,0,0,0,0,0,0,1,2,,,,,,1,1,1,6,100837,1,1,,700,700,,700,700,,700,700,,700,700,,700,700,,11
蓝龟,肉,鱼,串,盐,油,743,15,4.50,31,24,38,10,150,11,0,100,0,0,0,0,0,0,0,0,1,2,,,,,,0,1,1,5,100838,1,0,,700,700,,700,700,,700,700,,700,700,,700,700,,12
卡拉格尔,肉,鱼,串,盐,油,744,16,4.50,22,22,41,13,300,-5,70,0,0,30,0,0,0,0,0,0,1,2,,,,,,2,1,1,6,100839,1,0,,700,700,,700,700,,700,700,,700,700,,700,700,,12
龟之钢,肉,鱼,串,盐,油,745,13,4.50,23,25,35,13,150,11,0,0,40,60,0,0,0,0,0,0,1,2,,,,,,0,1,1,5,100840,1,0,,700,700,,700,700,,700,700,,700,700,,700,700,,12
卡拉龟,肉,鱼,串,盐,油,746,15,4.50,28,21,39,10,250,-1,40,60,0,0,0,0,0,0,0,0,1,2,,,,,,1,1,1,5,100841,1,0,,700,700,,700,700,,700,700,,700,700,,700,700,,12
尼加斯,鱼,串,米,饮用水,碳火,747,19,4.50,26,25,26,26,150,11,40,0,0,60,0,0,0,0,0,0,1,2,,,,,,0,1,1,6,100842,1,1,,700,700,,700,700,,700,700,,700,700,,700,700,,3
尼基斯,鱼,串,米,饮用水,碳火,748,20,4.50,29,24,27,22,150,11,70,30,0,0,0,0,0,0,0,0,1,2,,,,,,0,1,1,5,100843,1,1,,700,700,,700,700,,700,700,,700,700,,700,700,,3
特洛可斯,鱼,串,米,饮用水,碳火,749,22,4.50,31,27,24,24,250,-1,0,50,50,0,0,0,0,0,0,0,1,2,,,,,,1,1,1,5,100844,1,1,,700,700,,700,700,,700,700,,700,700,,700,700,,3
呼波波,石,线,骨,肉,米,750,26,4.50,31,27,23,28,250,-1,0,80,20,0,0,0,0,0,0,0,1,2,,,,,,1,1,1,5,100845,1,0,,700,700,,700,700,,700,700,,700,700,,700,700,,16
呼鲁鲁,石,线,骨,肉,米,751,24,4.50,25,28,23,31,150,11,0,0,30,70,0,0,0,0,0,0,1,2,,,,,,0,1,1,5,100846,1,0,,700,700,,700,700,,700,700,,700,700,,700,700,,16
鲁拉其斯,石,线,骨,肉,米,752,23,4.50,27,25,28,26,150,11,80,20,0,0,0,0,0,0,0,0,1,2,,,,,,0,1,1,5,100847,1,0,,700,700,,700,700,,700,700,,700,700,,700,700,,16
拉奇斯斯,石,线,骨,肉,米,753,23,4.50,26,24,26,30,150,11,30,0,0,70,0,0,0,0,0,0,1,2,,,,,,0,1,1,5,100848,1,0,,700,700,,700,700,,700,700,,700,700,,700,700,,16
邦诺斯娜,石,皮,线,肉,鱼,754,26,4.50,29,42,16,23,250,-1,0,50,50,0,0,0,0,0,0,0,1,2,,,,,,1,1,1,4,100849,1,1,,700,700,,700,700,,700,700,,700,700,,700,700,,17
杨格斯,石,皮,线,肉,鱼,755,27,4.50,27,46,16,24,250,-1,0,0,80,20,0,0,0,0,0,0,1,2,,,,,,2,1,1,5,100850,1,1,,700,700,,700,700,,700,700,,700,700,,700,700,,17
迪基格斯,石,皮,线,肉,鱼,756,26,4.50,31,37,18,22,150,11,20,80,0,0,0,0,0,0,0,0,1,2,,,,,,0,1,1,4,100851,1,1,,700,700,,700,700,,700,700,,700,700,,700,700,,17
克拉尔,石,木,皮,线,牙,757,18,4.50,22,22,21,29,150,11,0,0,20,80,0,0,0,0,0,0,1,2,,,,,,0,1,1,6,100852,1,0,,700,700,,700,700,,700,700,,700,700,,700,700,,4
拉斯基,石,木,皮,线,牙,758,18,4.50,20,27,21,27,150,11,0,0,60,40,0,0,0,0,0,0,1,2,,,,,,0,1,1,6,100853,1,0,,700,700,,700,700,,700,700,,700,700,,700,700,,4
里拉拉,石,木,皮,线,牙,759,18,4.50,27,23,21,26,300,-5,0,100,0,0,0,0,0,0,0,0,1,2,,,,,,2,1,1,6,100854,1,0,,700,700,,700,700,,700,700,,700,700,,700,700,,4
克达达,石,木,皮,线,牙,760,18,4.50,21,22,24,27,250,-1,60,0,0,40,0,0,0,0,0,0,1,2,,,,,,1,1,1,6,100855,1,0,,700,700,,700,700,,700,700,,700,700,,700,700,,4
卡卡特,肉,鱼,串,,,761,21,4.50,21,21,20,26,150,11,20,80,0,0,0,0,0,0,0,0,1,2,,,,,,0,1,1,6,100856,1,0,,700,700,,700,700,,700,700,,700,700,,700,700,,5
昆依特,肉,鱼,串,,,762,20,4.50,17,21,24,28,150,11,60,40,0,0,0,0,0,0,0,0,1,2,,,,,,0,1,1,6,100857,1,0,,700,700,,700,700,,700,700,,700,700,,700,700,,5
比特,肉,鱼,串,,,763,21,4.50,19,20,23,26,150,11,0,0,80,20,0,0,0,0,0,0,1,2,,,,,,0,1,1,6,100858,1,0,,700,700,,700,700,,700,700,,700,700,,700,700,,5
可卡特,肉,鱼,串,,,764,22,4.50,18,25,19,28,150,11,80,0,0,20,0,0,0,0,0,0,1,2,,,,,,0,1,1,6,100859,1,0,,700,700,,700,700,,700,700,,700,700,,700,700,,5
司尔顿,石,木,肉,鱼,米,765,25,4.50,31,30,28,21,150,11,70,30,0,0,0,0,0,0,0,0,1,2,,,,,,0,1,1,4,100860,1,1,,700,700,,700,700,,700,700,,700,700,,700,700,,22
格尔希洛,石,木,肉,鱼,米,766,26,4.50,34,31,24,21,150,11,0,80,20,0,0,0,0,0,0,0,1,2,,,,,,0,1,1,4,100861,1,1,,700,700,,700,700,,700,700,,700,700,,700,700,,22
梅尔顿,石,木,肉,鱼,米,767,25,4.50,32,30,27,21,150,11,100,0,0,0,0,0,0,0,0,0,1,2,,,,,,0,1,1,4,100862,1,1,,700,700,,700,700,,700,700,,700,700,,700,700,,22
戈登尔顿,石,木,肉,鱼,米,768,27,4.50,28,33,23,27,250,-1,0,0,20,80,0,0,0,0,0,0,1,2,,,,,,1,1,1,5,100863,1,1,,700,700,,700,700,,700,700,,700,700,,700,700,,22
蓝宝,鱼,米,卵,饮用水,油,769,23,4.50,33,27,26,17,150,11,0,100,0,0,0,0,0,0,0,0,1,2,,,,,,0,1,1,6,100864,1,0,,700,700,,700,700,,700,700,,700,700,,700,700,,6
瑞德宝,鱼,米,卵,饮用水,油,770,25,4.50,28,33,27,18,250,-1,0,0,100,0,0,0,0,0,0,0,1,2,,,,,,1,1,1,6,100865,1,0,,700,700,,700,700,,700,700,,700,700,,700,700,,6
毛宝,鱼,米,卵,饮用水,油,771,22,4.50,26,26,29,24,150,11,30,0,0,70,0,0,0,0,0,0,1,2,,,,,,0,1,1,6,100866,1,0,,700,700,,700,700,,700,700,,700,700,,700,700,,6
欧林吉鲁,石,木,皮,骨,牙,772,19,4.50,19,30,22,31,150,11,0,0,60,40,0,0,0,0,0,0,1,2,,,,,,0,1,1,5,100867,1,0,,700,700,,700,700,,700,700,,700,700,,700,700,,23
史凯鲁,石,木,皮,骨,牙,773,20,4.50,26,26,24,27,150,11,50,50,0,0,0,0,0,0,0,0,1,2,,,,,,0,1,1,5,100868,1,0,,700,700,,700,700,,700,700,,700,700,,700,700,,23
耶普鲁,石,木,皮,骨,牙,774,19,4.50,20,32,22,28,150,11,0,0,100,0,0,0,0,0,0,0,1,2,,,,,,1,1,1,5,100869,1,0,,700,700,,700,700,,700,700,,700,700,,700,700,,23
芭拉芭,石,木,皮,骨,牙,775,19,4.50,21,26,27,27,150,11,90,10,0,0,0,0,0,0,0,0,1,2,,,,,,0,1,1,5,100870,1,0,,700,700,,700,700,,700,700,,700,700,,700,700,,23
普鲁夏,肉,鱼,串,米,,776,25,4.50,26,37,19,32,150,11,30,70,0,0,0,0,0,0,0,0,1,2,,,,,,0,1,1,5,100871,1,1,,700,700,,700,700,,700,700,,700,700,,700,700,,24
佩露夏,肉,鱼,串,米,,777,30,4.50,27,43,19,28,300,-5,0,100,0,0,1,1,1,1,1,1,1,2,,,,,,2,1,1,7,100872,1,1,,700,700,,700,700,,700,700,,700,700,,700,700,,29
萨格鲁,肉,鱼,串,米,,778,25,4.50,27,36,16,26,250,-1,0,50,50,0,0,0,0,0,0,0,1,2,,,,,,1,1,1,5,100873,1,1,,700,700,,700,700,,700,700,,700,700,,700,700,,24
玛斯贝卡,肉,鱼,串,米,,779,24,4.50,25,35,16,31,150,11,0,0,50,50,0,0,0,0,0,0,1,2,,,,,,0,1,1,6,100874,1,1,,700,700,,700,700,,700,700,,700,700,,700,700,,24
麦丁布斯,肉,鱼,串,盐,碳火,780,19,4.50,34,25,28,14,250,-1,0,50,50,0,0,0,0,0,0,0,1,2,,,,,,2,1,1,6,100875,1,0,,700,700,,700,700,,700,700,,700,700,,700,700,,18
加耶布斯,肉,鱼,串,盐,碳火,781,17,4.50,29,22,27,19,150,11,0,0,0,100,0,0,0,0,0,0,1,2,,,,,,0,1,1,6,100876,1,0,,700,700,,700,700,,700,700,,700,700,,700,700,,18
迪米布斯,肉,鱼,串,盐,碳火,782,17,4.50,34,21,31,13,150,11,0,100,0,0,0,0,0,0,0,0,1,2,,,,,,0,1,1,6,100877,1,0,,700,700,,700,700,,700,700,,700,700,,700,700,,18
玻洛布斯,肉,鱼,串,盐,碳火,783,16,4.50,29,20,33,16,150,11,60,0,0,40,0,0,0,0,0,0,1,2,,,,,,0,1,1,6,100878,1,0,,700,700,,700,700,,700,700,,700,700,,700,700,,18
迪加,肉,串,盐,碳火,,784,20,4.50,38,32,15,18,150,0,0,80,20,0,0,0,0,0,0,0,1,2,,,,,,0,1,1,5,100879,0,0,,700,700,,700,700,,700,700,,700,700,,700,700,,13
砂鲨,肉,串,盐,碳火,,785,20,4.50,33,36,16,18,150,11,0,20,80,0,0,0,0,0,0,0,1,2,,,,,,0,1,1,5,100880,1,0,,700,700,,700,700,,700,700,,700,700,,700,700,,13
波波顿,肉,串,盐,碳火,,786,19,4.50,33,30,19,17,150,11,80,20,0,0,0,0,0,0,0,0,1,2,,,,,,0,1,1,5,100881,1,0,,700,700,,700,700,,700,700,,700,700,,700,700,,13
梅鲁莎,肉,串,盐,碳火,,787,23,4.50,31,34,16,23,300,-5,0,0,20,80,0,0,0,0,0,0,1,2,,,,,,2,1,1,6,100882,1,0,,700,700,,700,700,,700,700,,700,700,,700,700,,13
尤里蛙,石,木,肉,鱼,米,788,23,4.50,36,30,34,13,150,11,70,30,0,0,0,0,0,0,0,0,1,2,,,,,,0,1,1,4,100883,1,1,,700,700,,700,700,,700,700,,700,700,,700,700,,9
裘里蛙,石,木,肉,鱼,米,789,23,4.50,33,34,31,15,150,11,50,0,0,50,0,0,0,0,0,0,1,2,,,,,,0,1,1,4,100884,1,1,,700,700,,700,700,,700,700,,700,700,,700,700,,9
艾尔蛙,石,木,肉,鱼,米,790,22,4.50,33,33,29,18,150,11,20,0,0,80,0,0,0,0,0,0,1,2,,,,,,0,1,1,4,100885,1,1,,700,700,,700,700,,700,700,,700,700,,700,700,,9
里昂蛙,石,木,肉,鱼,米,791,25,4.50,38,29,34,13,250,-1,100,0,0,0,0,0,0,0,0,0,1,2,,,,,,1,1,1,4,100886,1,1,,700,700,,700,700,,700,700,,700,700,,700,700,,9
欧瑟菲,石,木,皮,骨,线,792,21,4.50,35,23,33,14,150,11,80,0,0,20,0,0,0,0,0,0,1,2,,,,,,0,1,1,5,100887,1,1,,700,700,,700,700,,700,700,,700,700,,700,700,,14
莫拉司,石,木,皮,骨,线,793,22,4.50,39,26,27,12,150,11,0,70,30,0,0,0,0,0,0,0,1,2,,,,,,0,1,1,5,100888,1,1,,700,700,,700,700,,700,700,,700,700,,700,700,,14
玛斯特,石,木,皮,骨,线,794,21,4.50,37,23,32,12,150,11,70,30,0,0,0,0,0,0,0,0,1,2,,,,,,0,1,1,5,100889,1,1,,700,700,,700,700,,700,700,,700,700,,700,700,,14
沙瓦列,石,木,皮,骨,线,795,24,4.50,35,28,27,15,250,0,0,0,60,40,0,0,0,0,0,0,1,2,,,,,,0,1,1,5,100890,0,1,,700,700,,700,700,,700,700,,700,700,,700,700,,14
嘎吱拉,石,木,肉,鱼,米,796,28,4.50,27,36,42,13,250,-1,50,50,0,0,0,0,0,0,0,0,1,2,,,,,,1,1,1,4,100891,1,1,,700,700,,700,700,,700,700,,700,700,,700,700,,19
哥斯哥斯,石,木,肉,鱼,米,797,25,4.50,39,30,36,10,150,11,80,0,0,20,0,0,0,0,0,0,1,2,,,,,,0,1,1,4,100892,1,1,,700,700,,700,700,,700,700,,700,700,,700,700,,19
蒙哥拉斯,石,木,肉,鱼,米,798,26,4.50,39,30,34,11,250,-1,50,0,0,50,0,0,0,0,0,0,1,2,,,,,,0,1,1,4,100893,1,1,,700,700,,700,700,,700,700,,700,700,,700,700,,19
固力摩,石,木,肉,鱼,米,799,27,4.50,52,27,19,14,150,11,80,0,0,20,0,0,0,0,0,0,1,2,,,,,,0,1,1,4,100894,1,1,,700,700,,700,700,,700,700,,700,700,,700,700,,25
摩吉摩吉,石,木,肉,鱼,米,800,28,4.50,56,28,17,13,250,-1,20,80,0,0,0,0,0,0,0,0,1,2,,,,,,1,1,1,4,100895,1,1,,700,700,,700,700,,700,700,,700,700,,700,700,,25
摩米索拉,石,木,肉,鱼,米,801,27,4.50,53,26,21,12,150,11,100,0,0,0,0,0,0,0,0,0,1,2,,,,,,0,1,1,4,100896,1,1,,700,700,,700,700,,700,700,,700,700,,700,700,,25
摩酷罗,石,木,肉,鱼,米,802,27,4.50,54,27,17,13,150,11,50,50,0,0,0,0,0,0,0,0,1,2,,,,,,0,1,1,4,100897,1,1,,700,700,,700,700,,700,700,,700,700,,700,700,,25
可可恩,石,皮,线,肉,鱼,803,28,4.50,27,34,20,26,150,11,0,80,20,0,0,0,0,0,0,0,1,2,,,,,,0,1,1,4,100898,1,1,,700,700,,700,700,,700,700,,700,700,,700,700,,10
克洛恩,石,皮,线,肉,鱼,804,29,4.50,26,33,25,28,250,-1,50,50,0,0,0,0,0,0,0,0,1,2,,,,,,1,1,1,4,100899,1,1,,700,700,,700,700,,700,700,,700,700,,700,700,,10
布兰恩,石,皮,线,肉,鱼,805,25,4.50,24,29,27,29,150,11,80,0,0,20,0,0,0,0,0,0,1,2,,,,,,0,1,1,4,100900,1,1,,700,700,,700,700,,700,700,,700,700,,700,700,,10
迪布恩,石,皮,线,肉,鱼,806,28,4.50,28,30,23,26,150,11,10,90,0,0,0,0,0,0,0,0,1,2,,,,,,0,1,1,4,100901,1,1,,700,700,,700,700,,700,700,,700,700,,700,700,,10
格里兰,石,木,皮,线,牙,807,18,4.50,23,20,17,36,150,11,70,0,0,30,0,0,0,0,0,0,1,2,,,,,,0,1,1,6,100902,1,0,,700,700,,700,700,,700,700,,700,700,,700,700,,26
摩里,石,木,皮,线,牙,808,18,4.50,26,22,14,33,150,11,20,80,0,0,0,0,0,0,0,0,1,2,,,,,,0,1,1,6,100903,1,0,,700,700,,700,700,,700,700,,700,700,,700,700,,26
瑞里西尔,石,木,皮,线,牙,809,25,4.50,24,28,15,49,250,-1,60,0,0,40,0,0,0,0,0,0,1,2,,,,,,1,1,1,6,100904,1,0,,700,700,,700,700,,700,700,,700,700,,700,700,,26
塔斯夫,石,木,皮,线,牙,810,19,4.50,22,24,13,38,150,11,0,0,50,50,0,0,0,0,0,0,1,2,210,,,,,0,1,1,6,100905,1,0,,700,700,,700,700,,700,700,,700,700,,700,700,,26
朵巴奈特,石,皮,线,肉,鱼,811,27,4.50,27,40,24,27,250,-1,0,0,40,60,0,0,0,0,0,0,1,2,,,,,,1,1,1,4,100906,1,1,,700,700,,700,700,,700,700,,700,700,,700,700,,20
斑尼迪克,石,皮,线,肉,鱼,812,30,4.50,26,48,21,29,300,-5,0,0,10,90,0,0,0,0,0,0,1,2,,,,,,2,1,1,6,100907,1,1,,700,700,,700,700,,700,700,,700,700,,700,700,,20
阿米朵,石,皮,线,肉,鱼,813,26,4.50,26,34,29,26,150,11,40,0,0,60,0,0,0,0,0,0,1,2,,,,,,0,1,1,4,100908,1,1,,700,700,,700,700,,700,700,,700,700,,700,700,,20
邦司凉朵,石,木,皮,骨,线,814,25,4.50,30,35,27,24,150,11,20,80,0,0,0,0,0,0,0,0,1,2,,,,,,0,1,1,4,100909,1,1,,700,700,,700,700,,700,700,,700,700,,700,700,,20
布莱兹,石,骨,肉,米,,815,29,4.50,28,27,27,31,200,-1,30,70,0,0,0,0,0,0,0,0,1,2,,,,,,1,1,1,5,100910,1,1,,700,700,,700,700,,700,700,,700,700,,700,700,,27
布依伦斯,石,骨,肉,米,,816,28,4.50,21,29,26,34,150,11,0,0,30,70,0,0,0,0,0,0,1,2,,,,,,0,1,1,5,100911,1,1,,700,700,,700,700,,700,700,,700,700,,700,700,,27
伊夫霍恩,石,骨,肉,米,,817,27,4.50,22,26,29,32,150,11,70,0,0,30,0,0,0,0,0,0,1,2,,,,,,0,1,1,5,100912,1,1,,700,700,,700,700,,700,700,,700,700,,700,700,,27
莱姆洛斯,石,木,骨,肉,米,818,23,4.50,34,22,28,23,150,11,60,0,0,40,0,0,0,0,0,0,1,2,,,,,,0,1,1,4,100913,1,1,,700,700,,700,700,,700,700,,700,700,,700,700,,15
朱利洛斯,石,木,骨,肉,米,819,23,4.50,38,21,29,20,150,11,70,30,0,0,0,0,0,0,0,0,1,2,,,,,,0,1,1,4,100914,1,1,,700,700,,700,700,,700,700,,700,700,,700,700,,15
辛普洛斯,石,木,骨,肉,米,820,25,4.50,35,26,25,25,250,-1,0,0,60,40,0,0,0,0,0,0,1,2,,,,,,1,1,1,4,100915,1,1,,700,700,,700,700,,700,700,,700,700,,700,700,,15
立杜鲁斯,石,木,骨,肉,米,821,23,4.50,26,22,27,26,150,11,50,0,0,50,0,0,0,0,0,0,1,2,,,,,,0,1,1,4,100916,1,1,,700,700,,700,700,,700,700,,700,700,,700,700,,21
诺克斯,石,木,骨,肉,米,822,25,4.50,30,28,24,24,300,-5,0,50,50,0,0,0,0,0,0,0,1,2,,,,,,2,1,1,5,100917,1,1,,700,700,,700,700,,700,700,,700,700,,700,700,,21
巴克亚司,石,木,骨,肉,米,823,24,4.50,25,25,23,28,150,11,0,0,30,70,0,0,0,0,0,0,1,2,,,,,,0,1,1,5,100918,1,1,,700,700,,700,700,,700,700,,700,700,,700,700,,21
雷德力克斯,石,木,骨,肉,米,824,23,4.50,30,22,27,23,150,11,50,50,0,0,0,0,0,0,0,0,1,2,,,,,,0,1,1,5,100919,1,1,,700,700,,700,700,,700,700,,700,700,,700,700,,21
地灵兽,,,,,,825,100,8.00,25,25,45,25,100,0,100,0,0,0,50,50,50,50,50,50,1,80,,,,,,0,5,0,7,100287,0,0,,,,,,,,,,,,,,,,,-1
水灵兽,,,,,,826,100,8.00,45,25,25,25,100,0,0,100,0,0,0,0,0,0,0,0,1,100,,,,,,0,5,0,4,100288,0,0,,,,,,,,,,,,,,,,,-1
火灵兽,,,,,,827,100,8.00,25,45,25,25,100,0,0,0,100,0,0,0,0,0,0,0,1,40,,,,,,0,5,0,4,100290,0,0,,,,,,,,,,,,,,,,,-1
风灵兽,,,,,,828,100,8.00,25,25,25,50,100,0,0,0,0,100,0,0,0,0,0,0,1,12,,,,,,0,5,0,4,100394,0,0,,,,,,,,,,,,,,,,,-1
地精灵,,,,,,829,150,8.00,30,25,45,25,100,0,100,0,0,0,0,0,0,0,0,0,1,2,11,80,301,,,0,5,0,4,100760,0,0,,,,,,,,,,,,,,,,,-1
水精灵,,,,,,830,150,8.00,50,25,25,25,100,0,0,100,0,0,0,0,0,0,0,0,1,3,11,61,307,,,0,5,0,4,100790,0,0,,,,,,,,,,,,,,,,,-1
火精灵,,,,,,831,150,8.00,30,45,25,25,100,0,0,0,100,0,0,0,0,0,0,0,1,3,11,40,313,,,0,5,0,4,100730,0,0,,,,,,,,,,,,,,,,,-1
风精灵,,,,,,832,150,8.00,30,25,25,45,100,0,0,0,0,100,0,0,0,0,0,0,1,3,11,110,319,,,0,5,0,4,100720,0,0,,,,,,,,,,,,,,,,,-1
地精灵,,,,,,833,150,8.00,30,25,45,25,100,0,100,0,0,0,0,0,0,0,0,0,1,2,11,80,302,,,0,5,0,4,100780,0,0,,,,,,,,,,,,,,,,,-1
水精灵,,,,,,834,150,8.00,50,25,25,25,100,0,0,100,0,0,0,0,0,0,0,0,1,3,11,61,308,,,0,5,0,4,100810,0,0,,,,,,,,,,,,,,,,,-1
火精灵,,,,,,835,150,8.00,30,45,25,25,100,0,0,0,100,0,0,0,0,0,0,0,1,3,11,40,314,,,0,5,0,4,100750,0,0,,,,,,,,,,,,,,,,,-1
风精灵,,,,,,836,150,8.00,30,25,25,45,100,0,0,0,0,100,0,0,0,0,0,0,1,3,12,110,320,,,0,5,0,4,100700,0,0,,,,,,,,,,,,,,,,,-1
地精灵,,,,,,837,150,8.00,30,25,45,25,100,0,100,0,0,0,0,0,0,0,0,0,1,2,12,80,303,,,0,5,0,4,101078,0,0,,,,,,,,,,,,,,,,,-1
水精灵,,,,,,838,150,8.00,50,25,25,25,100,0,0,100,0,0,0,0,0,0,0,0,1,3,12,61,309,,,0,5,0,4,101108,0,0,,,,,,,,,,,,,,,,,-1
火精灵,,,,,,839,150,8.00,30,45,25,25,100,0,0,0,100,0,0,0,0,0,0,0,1,3,12,40,315,,,0,5,0,4,101048,0,0,,,,,,,,,,,,,,,,,-1
风精灵,,,,,,840,150,8.00,30,25,25,45,100,0,0,0,0,100,0,0,0,0,0,0,1,3,13,110,321,,,0,5,0,4,101018,0,0,,,,,,,,,,,,,,,,,-1
黑蛙,,,,,,841,100,8.00,38,29,34,20,100,0,100,0,0,0,0,0,0,0,0,0,1,80,10,40,,,,1,1,1,6,100886,0,0,,,,,,,,,,,,,,,,,-1
黑蛙王,,,,,,842,200,8.00,65,30,34,40,100,0,100,0,0,0,0,0,0,0,0,0,1,80,12,40,120,,,1,1,1,6,100886,0,0,,,,,,,,,,,,,,,,,-1
黑暗精灵王,,,,,,843,500,9.00,60,60,60,60,100,0,0,0,0,0,50,50,50,50,50,50,306,312,318,324,325,,,2,1,1,7,100444,0,0,,,,,,,,,,,,,,,,,-1
地精灵,,,,,,845,150,8.00,30,25,45,25,100,0,100,0,0,0,0,0,0,0,0,0,1,2,11,80,302,,,0,5,0,4,100765,0,0,,,,,,,,,,,,,,,,,-1
水精灵,,,,,,846,150,8.00,50,25,25,25,100,0,0,100,0,0,0,0,0,0,0,0,1,3,11,61,308,,,0,5,0,4,100795,0,0,,,,,,,,,,,,,,,,,-1
火精灵,,,,,,847,150,8.00,30,45,25,25,100,0,0,0,100,0,0,0,0,0,0,0,1,3,11,40,314,,,0,5,0,4,100755,0,0,,,,,,,,,,,,,,,,,-1
风精灵,,,,,,848,150,8.00,30,25,25,45,100,0,0,0,0,100,0,0,0,0,0,0,1,3,12,110,320,,,0,5,0,4,100735,0,0,,,,,,,,,,,,,,,,,-1
地守护雅尔丝,,,,,,849,150,8.00,30,25,45,25,100,0,100,0,0,0,0,0,0,0,0,0,1,2,12,80,303,,,0,5,0,4,101079,0,0,,,,,,,,,,,,,,,,,-1
水守护瓦琦儿,,,,,,850,150,8.00,50,25,25,25,100,0,0,100,0,0,0,0,0,0,0,0,1,3,12,61,309,,,0,5,0,4,101109,0,0,,,,,,,,,,,,,,,,,-1
火守护费尔叶,,,,,,851,150,8.00,30,45,25,25,100,0,0,0,100,0,0,0,0,0,0,0,1,3,12,41,315,,,0,5,0,4,101049,0,0,,,,,,,,,,,,,,,,,-1
风守护威恩德,,,,,,852,150,8.00,30,25,25,45,100,0,0,0,0,100,0,0,0,0,0,0,1,3,13,110,321,,,0,5,0,4,101019,0,0,,,,,,,,,,,,,,,,,-1
柯黑穆肯,,,,,,853,500,9.00,60,60,60,60,100,0,0,0,0,0,1,1,1,1,1,1,306,312,318,324,,,,2,1,1,7,100725,0,0,,,,,,,,,,,,,,,,,-1
动物园养的拉斯基,石,木,皮,线,牙,854,10,4.00,20,23,21,26,100,0,0,0,60,40,0,0,0,0,0,0,1,2,,,,,,0,1,1,6,100853,1,0,,700,700,,700,700,,700,700,,700,700,,700,700,10,-1
布依胖,肉,鱼,串,卵,盐,855,27,5.50,34,29,25,23,100000,-1,0,0,60,40,0,0,0,0,0,0,1,2,,,,,,1,1,1,6,100825,0,0,,700,700,,700,700,,700,700,,700,700,,700,700,,-1
比特,肉,鱼,串,,,856,15,5.50,19,23,20,29,100000,11,0,0,80,20,0,0,0,0,0,0,1,2,,,,,,0,1,1,6,100858,0,0,,700,700,,700,700,,700,700,,700,700,,700,700,,-1
邦诺斯娜,石,皮,线,肉,鱼,857,29,5.50,30,41,19,23,100000,-1,0,50,50,0,0,0,0,0,0,0,1,2,,,,,,1,1,1,6,100849,0,1,,700,700,,700,700,,700,700,,700,700,,700,700,,-1
雷德力克斯,石,木,骨,肉,米,858,22,5.50,27,22,27,23,100000,-1,50,50,0,0,0,0,0,0,0,0,1,2,,,,,,0,1,1,6,100919,0,1,,700,700,,700,700,,700,700,,700,700,,700,700,,-1
加斯奥,肉,鱼,米,卵,饮用水,859,20,5.50,27,28,22,28,100000,11,0,0,80,20,0,0,0,0,0,0,1,2,,,,,,0,1,1,6,100827,0,0,,700,700,,700,700,,700,700,,700,700,,700,700,,-1
乌宝依,肉,鱼,米,卵,饮用水,860,15,5.50,22,27,12,36,100000,-1,0,0,80,20,0,0,0,0,0,0,1,2,,,,,,1,1,1,6,100830,0,0,,700,700,,700,700,,700,700,,700,700,,700,700,,-1
特洛可斯,鱼,串,米,饮用水,碳火,861,22,5.50,31,27,24,25,100000,-1,0,50,50,0,0,0,0,0,0,0,1,2,,,,,,1,1,1,6,100844,0,1,,700,700,,700,700,,700,700,,700,700,,700,700,,-1
迪加,肉,串,盐,碳火,,862,18,5.50,32,30,19,17,100000,11,50,50,0,0,0,0,0,0,0,0,1,2,,,,,,0,1,1,6,100879,0,0,,700,700,,700,700,,700,700,,700,700,,700,700,,-1
砂鲨,肉,串,盐,碳火,,863,21,5.50,32,33,17,19,100000,11,0,50,50,0,0,0,0,0,0,0,1,2,,,,,,0,1,1,6,100880,0,0,,700,700,,700,700,,700,700,,700,700,,700,700,,-1
萨格鲁,肉,鱼,串,米,,864,25,5.50,26,33,16,26,100000,-1,0,50,50,0,0,0,0,0,0,0,1,2,,,,,,1,1,1,6,100873,0,1,,700,700,,700,700,,700,700,,700,700,,700,700,,-1
玛斯贝卡,肉,鱼,串,米,,865,21,5.50,23,34,16,31,100000,11,0,0,50,50,0,0,0,0,0,0,1,2,,,,,,0,1,1,6,100874,0,1,,700,700,,700,700,,700,700,,700,700,,700,700,,-1
尼基斯,鱼,串,米,饮用水,碳火,866,18,5.50,28,23,26,20,100000,11,70,30,0,0,0,0,0,0,0,0,1,2,,,,,,0,1,1,6,100843,0,1,,700,700,,700,700,,700,700,,700,700,,700,700,,-1
可卡特,肉,鱼,串,,,867,19,5.50,19,23,19,31,100000,11,80,0,0,20,0,0,0,0,0,0,1,2,,,,,,0,1,1,6,100859,0,0,,700,700,,700,700,,700,700,,700,700,,700,700,,-1
贝洛格,木,皮,骨,线,牙,868,19,5.50,34,17,39,15,100000,11,80,20,0,0,0,0,0,0,0,0,1,2,,,,,,0,1,1,6,100835,0,1,,700,700,,700,700,,700,700,,700,700,,700,700,,-1
波波顿,肉,串,盐,碳火,,869,19,5.50,33,30,18,17,100000,11,30,70,0,0,0,0,0,0,0,0,1,2,,,,,,0,1,1,5,100881,0,0,,700,700,,700,700,,700,700,,700,700,,700,700,,-1
鲁拉其斯,石,线,骨,肉,米,870,17,5.50,28,25,28,26,100000,11,80,20,0,0,0,0,0,0,0,0,1,2,,,,,,0,1,1,6,100847,0,0,,700,700,,700,700,,700,700,,700,700,,700,700,,-1
哥斯哥斯,石,木,肉,鱼,米,871,24,5.50,39,30,36,10,100000,11,80,0,0,20,0,0,0,0,0,0,1,2,,,,,,0,1,1,6,100892,0,1,,700,700,,700,700,,700,700,,700,700,,700,700,,-1
布依布鲁,肉,鱼,串,卵,盐,872,23,5.50,47,24,19,17,100000,11,30,70,0,0,0,0,0,0,0,0,1,2,,,,,,0,1,1,6,100823,0,0,,700,700,,700,700,,700,700,,700,700,,700,700,,-1
布依布依,肉,鱼,串,卵,盐,873,22,5.50,35,28,17,21,100000,11,0,70,30,0,0,0,0,0,0,0,1,2,,,,,,0,1,1,6,100824,0,0,,700,700,,700,700,,700,700,,700,700,,700,700,,-1
蓝龟,肉,鱼,串,盐,油,874,15,5.50,31,24,38,10,100000,11,0,100,0,0,0,0,0,0,0,0,1,2,,,,,,0,1,1,6,100838,0,0,,700,700,,700,700,,700,700,,700,700,,700,700,,-1
威斯,肉,鱼,米,卵,饮用水,875,17,5.50,30,22,15,31,100000,11,0,80,20,0,0,0,0,0,0,0,1,2,,,,,,0,1,1,5,100831,0,0,,700,700,,700,700,,700,700,,700,700,,700,700,,-1
可可恩,石,皮,线,肉,鱼,876,26,5.50,30,32,27,27,100000,11,0,80,20,0,0,0,0,0,0,0,1,2,,,,,,0,1,1,6,100898,0,1,,700,700,,700,700,,700,700,,700,700,,700,700,,-1
克拉尔,石,木,皮,线,牙,877,18,5.50,21,23,21,29,100000,11,0,0,20,80,0,0,0,0,0,0,1,2,,,,,,0,1,1,5,100852,0,0,,700,700,,700,700,,700,700,,700,700,,700,700,,-1
呼鲁鲁,石,线,骨,肉,米,878,18,5.50,25,27,22,31,100000,11,0,0,30,70,0,0,0,0,0,0,1,2,,,,,,0,1,1,6,100846,0,0,,700,700,,700,700,,700,700,,700,700,,700,700,,-1
拉奇斯斯,石,线,骨,肉,米,879,19,5.50,26,26,26,31,100000,11,30,0,0,70,0,0,0,0,0,0,1,2,,,,,,0,1,1,6,100848,0,0,,700,700,,700,700,,700,700,,700,700,,700,700,,-1
威比,肉,鱼,米,卵,饮用水,880,15,5.50,22,25,10,37,100000,11,0,0,30,70,0,0,0,0,0,0,1,2,,,,,,0,1,1,6,100832,0,0,,700,700,,700,700,,700,700,,700,700,,700,700,,-1
艾尔蛙,石,木,肉,鱼,米,881,24,5.50,34,31,31,16,100000,11,20,0,0,80,0,0,0,0,0,0,1,2,,,,,,0,1,1,6,100885,0,1,,700,700,,700,700,,700,700,,700,700,,700,700,,-1
裘里蛙,石,木,肉,鱼,米,882,22,5.50,33,31,34,16,100000,11,50,0,0,50,0,0,0,0,0,0,1,2,,,,,,0,1,1,6,100884,0,1,,700,700,,700,700,,700,700,,700,700,,700,700,,-1
布兰恩,石,皮,线,肉,鱼,883,24,5.50,27,34,27,30,100000,11,50,0,0,50,0,0,0,0,0,0,1,2,,,,,,0,1,1,6,100900,0,1,,700,700,,700,700,,700,700,,700,700,,700,700,,-1
＃小竹＃,,,,,,884,100,8.00,25,25,45,25,100,0,100,0,0,0,50,50,50,50,50,50,1,80,11,3,,,,0,5,0,7,101087,0,0,,,,,,,,,,,,,,,,,-1
∩∩小笨笨∩∩,,,,,,885,100,8.00,45,25,25,25,100,0,0,100,0,0,0,0,0,0,0,0,1,100,,,,,,0,5,0,4,101077,0,0,,,,,,,,,,,,,,,,,-1
三豪,,,,,,886,100,8.00,25,45,25,25,100,0,0,0,100,0,0,0,0,0,0,0,1,40,,,,,,0,5,0,4,101044,0,0,,,,,,,,,,,,,,,,,-1
羊咩咩,,,,,,887,100,8.00,25,25,25,50,100,0,0,0,0,100,0,0,0,0,0,0,1,12,,,,,,0,5,0,4,101014,0,0,,,,,,,,,,,,,,,,,-1
不安,,,,,,888,100,8.00,25,25,45,25,100,0,100,0,0,0,50,50,50,50,50,50,1,80,301,,,,,0,5,0,7,101067,0,0,,,,,,,,,,,,,,,,,-1
老虎,,,,,,889,100,8.00,45,25,25,25,100,0,0,100,0,0,0,0,0,0,0,0,1,100,307,,,,,0,5,0,4,101096,0,0,,,,,,,,,,,,,,,,,-1
倩咪家长,,,,,,890,100,8.00,25,45,25,25,100,0,0,0,100,0,0,0,0,0,0,0,1,40,313,,,,,0,5,0,4,101034,0,0,,,,,,,,,,,,,,,,,-1
哇哈哈～～～,,,,,,891,100,8.00,25,25,25,50,100,0,0,0,0,100,0,0,0,0,0,0,1,12,319,,,,,0,5,0,4,101027,0,0,,,,,,,,,,,,,,,,,-1
秒杀炎,,,,,,892,100,8.00,25,25,45,25,100,0,100,0,0,0,50,50,50,50,50,50,1,80,302,,,,,0,5,0,7,101114,0,0,,,,,,,,,,,,,,,,,-1
＝神秘刀客＝,,,,,,893,100,8.00,45,25,25,25,100,0,0,100,0,0,0,0,0,0,0,0,1,100,308,,,,,0,5,0,4,101107,0,0,,,,,,,,,,,,,,,,,-1
疯狂小子,,,,,,894,100,8.00,25,45,25,25,100,0,0,0,100,0,0,0,0,0,0,0,1,40,314,,,,,0,5,0,4,101056,0,0,,,,,,,,,,,,,,,,,-1
-⊙悍将⊙-,,,,,,895,100,8.00,25,25,25,50,100,0,0,0,0,100,0,0,0,0,0,0,1,12,320,,,,,0,5,0,4,101006,0,0,,,,,,,,,,,,,,,,,-1
凶猛的佩露夏,肉,鱼,串,米,,896,30,5.50,30,50,25,30,100,0,0,100,0,0,1,1,1,1,1,1,1,2,11,41,52,,,2,1,1,7,100872,0,1,,700,700,,700,700,,700,700,,700,700,,700,700,,-1
凶悍的格尔希洛,石,木,肉,鱼,米,897,100,7.00,60,30,30,40,100,0,0,80,20,0,20,20,20,20,20,20,1,11,3,41,,,,0,1,1,5,100861,0,1,,700,700,,700,700,,700,700,,700,700,,700,700,,-1
不良少年,,,,,,898,150,8.00,38,29,34,20,100,0,100,0,0,0,10,5,5,10,5,5,1,10,40,302,,,,1,1,1,6,100439,0,0,,,,,,,,,,,,,,,,,-1
可爱饲育员,,,,,,899,100,8.00,30,25,25,45,100,0,0,0,0,100,10,10,10,10,10,10,130,10,,,,,,0,5,0,4,100000,0,0,,,,,,,,,,,,,,,,,-1
席格,,,,,,900,250,9.00,60,35,60,60,100,0,100,0,0,0,30,30,30,30,30,30,304,303,305,41,,,,2,1,1,7,101160,0,0,,,,,,,,,,,,,,,,,-1
葛雷基欧,石,米,鱼,,,901,39,4.50,24,40,27,22,350,0,80,0,0,20,0,0,0,0,0,0,1,2,,,,,,0,5,0,7,101152,1,1,,200,200,,200,200,,200,200,,,,,,,,29
葛雷洛比,石,米,鱼,,,902,39,4.50,27,40,24,22,350,0,0,80,20,0,0,0,0,0,0,0,1,2,,,,,,0,5,0,7,101153,1,1,,200,200,,200,200,,200,200,,,,,,,,29
葛雷吉鲁,石,米,鱼,,,903,39,4.50,24,44,24,22,350,0,0,0,80,20,0,0,0,0,0,0,1,2,,,,,,0,5,0,7,101154,1,1,,200,200,,200,200,,200,200,,,,,,,,29
葛雷马恩,石,米,鱼,,,904,39,4.50,23,40,22,30,350,0,0,0,20,80,0,0,0,0,0,0,1,2,,,,,,0,5,0,7,101155,1,1,,200,200,,200,200,,200,200,,,,,,,,29
雷尔胖,肉,鱼,串,卵,盐,905,20,4.50,34,29,25,23,100000,-1,0,0,60,40,0,0,0,0,0,0,1,2,,,,,,1,1,1,6,100825,0,0,,700,700,,700,700,,700,700,,700,700,,700,700,1,-1
岩盐,,,,,,906,150,1.00,200,0,50,0,100,0,50,50,0,0,1000,1000,1000,1000,1000,1000,0,-1,-1,-1,-1,-1,-1,0,0,0,4,100470,0,1,0,0,0,0,0,0,0,0,0,0,0,0,0,0,0,,-1
克拉肯,,,,,,907,25,9.00,48,36,28,12,150,0,0,70,30,0,10,0,0,0,0,0,110,2,61,90,,,,0,1,1,5,100888,0,1,,700,700,,700,700,,700,700,,700,700,,700,700,,-1
莫拉司,,,,,,908,25,4.50,48,36,28,12,150,11,0,70,30,0,0,0,0,0,0,0,1,2,,,,,,0,1,1,4,100888,1,1,,700,700,,700,700,,700,700,,700,700,,700,700,,14
巴克,,,,,,909,150,5.00,50,10,30,35,100,0,0,50,50,0,0,0,0,0,0,0,1,500,501,2,,,,0,10,10,7,100071,0,0,,,,,,,,,,,,,,,,,-1
吉比,饮用水,豆,肉,碳火,卵,910,23,4.50,24,24,23,37,300,-5,20,0,0,80,0,0,0,0,0,0,1,2,210,,,,,2,1,1,7,101178,1,0,,700,700,,700,700,,700,700,,700,700,,700,700,,29
沙瓦列,石,木,皮,骨,线,911,24,4.50,35,28,27,15,250,0,0,0,60,40,0,0,0,0,0,0,1,2,,,,,,1,1,1,5,100890,0,1,,700,700,,700,700,,700,700,,700,700,,700,700,,-1
迪加,肉,串,盐,碳火,,912,20,5.50,37,33,15,17,100000,0,50,50,0,0,0,0,0,0,0,0,1,2,,,,,,0,1,1,6,100879,0,0,,700,700,,700,700,,700,700,,700,700,,700,700,,-1
古瓜,,,,,,913,20,5.00,26,32,21,23,100,0,100,0,0,0,0,0,0,0,0,0,1,2,,,,,,0,10,10,7,100015,0,0,,,,,,,,,,,,,,,,90,-1
古瓜,,,,,,914,23,5.00,27,37,21,24,100,0,100,0,0,0,0,0,0,0,0,0,1,2,,,,,,0,10,10,7,100018,0,0,,,,,,,,,,,,,,,,90,-1
席思,,,,,,915,250,9.00,62,42,53,58,100,0,0,0,0,100,30,30,30,30,30,30,321,322,323,41,,,,2,1,1,7,101160,0,0,,,,,,,,,,,,,,,,,-1
巴克的跟班,,,,,,916,120,8.00,35,35,30,35,100,0,100,0,0,0,10,5,5,10,5,5,1,10,40,,,,,1,1,1,6,100439,0,0,,,,,,,,,,,,,,,,,-1
尤里蛙,石,木,肉,鱼,米,917,25,4.50,36,28,48,12,150,11,70,30,0,0,0,0,0,0,0,0,1,2,,,,,,0,1,1,4,100883,1,1,,700,700,,700,700,,700,700,,700,700,,700,700,,9
凯恩,皮,骨,爪,牙,,918,30,4.50,23,37,12,46,300,-5,0,0,0,100,1,1,1,1,1,1,1,2,506,,,,,2,1,1,6,101180,0,1,,700,700,,700,700,,700,700,,700,700,,700,700,,29
火山拉斯基,石,木,皮,线,牙,919,150,5.00,40,30,32,30,150,11,0,0,60,40,0,0,0,0,0,0,1,2,41,152,,,,0,1,1,6,100853,0,0,,700,700,,700,700,,700,700,,700,700,,700,700,,-1
火山瑞德宝,鱼,米,卵,饮用水,油,920,100,4.50,28,33,27,18,250,-1,0,0,100,0,0,0,0,0,0,0,1,2,90,,,,,1,1,1,6,100865,0,0,,700,700,,700,700,,700,700,,700,700,,700,700,,-1
火山耶普鲁,石,木,皮,骨,牙,921,100,4.50,20,32,22,28,150,11,0,0,100,0,0,0,0,0,0,0,1,2,110,,,,,1,1,1,5,100869,0,0,,700,700,,700,700,,700,700,,700,700,,700,700,,-1
火山贝洛波波,木,皮,骨,线,牙,922,100,4.50,36,20,35,16,250,-1,0,50,50,0,0,0,0,0,0,0,1,2,60,,,,,1,1,1,6,100837,0,1,,700,700,,700,700,,700,700,,700,700,,700,700,,-1
勇士团员,,,,,,923,160,6.00,30,25,45,25,100,0,70,30,0,0,0,0,0,0,0,0,1,2,12,314,,,,0,5,0,4,101079,0,0,,,,,,,,,,,,,,,,,-1
勇士团员,,,,,,924,160,6.00,50,25,25,25,100,0,0,70,30,0,0,0,0,0,0,0,1,3,12,314,,,,0,5,0,4,101089,0,0,,,,,,,,,,,,,,,,,-1
勇士团员,,,,,,925,160,6.00,30,45,25,25,100,0,0,100,0,0,0,0,0,0,0,0,1,3,12,314,,,,0,5,0,4,101099,0,0,,,,,,,,,,,,,,,,,-1
勇士团员,,,,,,926,160,6.00,30,25,25,45,100,0,0,0,30,70,0,0,0,0,0,0,1,3,314,503,,,,0,5,0,4,101119,0,0,,,,,,,,,,,,,,,,,-1
勇士团员,,,,,,927,160,6.00,30,45,25,25,100,0,0,0,80,20,0,0,0,0,0,0,1,3,12,314,,,,0,5,0,4,101109,0,0,,,,,,,,,,,,,,,,,-1
勇士团员,,,,,,928,160,6.00,30,25,45,25,100,0,80,0,0,20,0,0,0,0,0,0,1,2,314,31,,,,0,5,0,4,101019,0,0,,,,,,,,,,,,,,,,,-1
勇士团员,,,,,,929,160,6.00,50,25,25,25,100,0,20,80,0,0,0,0,0,0,0,0,1,3,314,50,,,,0,5,0,4,101029,0,0,,,,,,,,,,,,,,,,,-1
勇士团员,,,,,,930,160,6.00,30,45,25,25,100,0,0,0,100,0,0,0,0,0,0,0,1,3,314,506,,,,0,5,0,4,101039,0,0,,,,,,,,,,,,,,,,,-1
勇士团员,,,,,,931,160,6.00,30,25,25,45,100,0,0,20,80,0,0,0,0,0,0,0,1,3,13,314,,,,0,5,0,4,101049,0,0,,,,,,,,,,,,,,,,,-1
勇士团员,,,,,,932,160,6.00,30,45,25,25,100,0,0,20,80,0,0,0,0,0,0,0,1,3,314,41,,,,0,5,0,4,101059,0,0,,,,,,,,,,,,,,,,,-1
菲奇亚,肉,鱼,串,米,,933,30,4.50,20,51,11,32,300,-5,0,0,100,0,1,1,1,1,1,1,1,2,,,,,,2,1,1,7,101413,0,0,,700,700,,700,700,,700,700,,700,700,,700,700,,29
玄武,肉,鱼,串,米,,934,30,4.50,26,29,42,18,300,-5,100,0,0,0,1,1,1,1,1,1,1,2,,,,,,2,1,1,6,100274,0,0,,700,700,,700,700,,700,700,,700,700,,700,700,,29
查拉,肉,鱼,串,米,,935,25,5.00,27,36,16,26,250,-1,0,50,50,0,0,0,0,0,0,0,1,2,,,,,,1,1,1,5,100873,0,1,,700,700,,700,700,,700,700,,700,700,,700,700,,-1
萨登,,,,,,936,250,7.00,55,40,56,60,100,0,0,0,0,100,30,30,30,30,30,30,503,506,151,41,,,,2,1,1,7,101160,0,0,,,,,,,,,,,,,,,,,-1
神圣毛宝,鱼,米,卵,饮用水,油,937,25,5.00,28,28,30,26,150,11,30,0,0,70,0,0,0,0,0,0,1,2,,,,,,0,1,1,6,100866,0,0,,700,700,,700,700,,700,700,,700,700,,700,700,,-1
神圣戈登尔顿,石,木,肉,鱼,米,938,30,5.00,31,36,26,30,250,-1,0,0,20,80,0,0,0,0,0,0,1,2,,,,,,1,1,1,5,100863,0,1,,700,700,,700,700,,700,700,,700,700,,700,700,,-1
神圣加耶布斯,肉,鱼,串,盐,碳火,939,35,5.00,34,26,31,23,150,11,0,0,0,100,0,0,0,0,0,0,1,2,,,,,,0,1,1,6,100876,0,0,,700,700,,700,700,,700,700,,700,700,,700,700,,-1
神圣斑尼迪克,石,皮,线,肉,鱼,940,40,5.00,31,53,26,34,300,-5,0,0,10,90,0,0,0,0,0,0,1,2,41,52,,,,2,1,1,6,100907,0,1,,700,700,,700,700,,700,700,,700,700,,700,700,,-1
神秘的魔法石,,,,,,941,150,2.00,210,0,50,0,100,0,0,0,0,0,1000,1000,1000,1000,1000,1000,,0,325,,,,,0,0,0,4,100470,0,1,0,0,0,0,0,0,0,0,0,0,0,0,0,0,0,,-1
福列克斯,,,,,,942,150,8.00,40,30,35,20,100,0,100,0,0,0,10,5,5,10,5,5,1,504,41,507,13,501,,1,1,1,6,100023,0,0,,,,,,,,,,,,,,,,,-1
布鲁斯壮,,,,,,943,150,8.00,40,33,37,15,100,0,100,0,0,0,10,5,5,10,5,5,1,210,12,501,110,90,,1,1,1,6,100437,0,0,,,,,,,,,,,,,,,,,-1
伐木工人,,,,,,944,100,6.00,37,38,35,25,100,0,100,0,0,0,10,5,5,10,5,5,1,10,40,,,,,1,1,1,6,100437,0,0,,,,,,,,,,,,,,,,,-1
柯比罗尔,,,,,,945,180,8.00,45,30,35,40,100,0,0,0,0,100,30,30,30,30,30,30,52,574,12,504,152,41,,2,1,1,6,100102,0,0,,,,,,,,,,,,,,,,,-1
伊蕾丝,,,,,,946,10,4.50,25,23,19,33,350,-1,0,100,0,0,0,0,0,0,0,0,1,2,,,,,,0,10,10,7,101414,0,0,,,,,,,,,,,,,,,,50,-1
雷尔,,,,,,947,500,9.00,90,40,40,70,100,0,0,0,0,0,80,80,80,80,80,80,505,507,13,52,325,501,41,2,1,1,7,101281,0,0,,,,,,,,,,,,,,,,,-1
魔界地使者,,,,,,948,180,8.00,30,25,45,25,100,0,100,0,0,0,0,0,0,0,0,0,1,2,12,80,506,501,306,0,5,0,7,101342,0,0,,,,,,,,,,,,,,,,,-1
魔界水使者,,,,,,949,180,8.00,50,25,25,25,100,0,0,100,0,0,0,0,0,0,0,0,1,3,12,61,503,501,312,0,5,0,7,101373,0,0,,,,,,,,,,,,,,,,,-1
魔界火使者,,,,,,950,180,8.00,30,45,25,25,100,0,0,0,100,0,0,0,0,0,0,0,1,3,12,41,506,501,318,0,5,0,7,101351,0,0,,,,,,,,,,,,,,,,,-1
魔界风使者,,,,,,951,180,8.00,30,25,25,45,100,0,0,0,0,100,0,0,0,0,0,0,1,3,13,110,503,501,324,0,5,0,7,101355,0,0,,,,,,,,,,,,,,,,,-1
艾蜜,,,,,,952,25,4.50,23,23,24,28,270,-1,0,0,30,70,0,0,0,0,0,0,1,2,90,,,,,0,0,5,5,101280,0,0,,,,,,,,,,,,,,,,79,-1
雷诛,,,,,,953,22,4.50,44,21,16,13,240,5,70,30,0,0,0,0,0,0,0,0,1,2,110,,,,,0,2,0,5,101281,1,0,,,,,,,,,,,,,,,,79,-1
讦谯龙,石,皮,线,肉,鱼,954,24,4.50,24,30,24,26,300,1,50,50,0,0,20,0,0,0,0,0,1,2,60,,,,,0,1,5,4,101279,0,0,,300,300,,300,300,,300,300,,300,300,,300,300,79,-1
史凯勒顿,石,木,肉,鱼,米,955,25,4.50,27,37,35,11,100000,11,80,0,0,20,0,0,0,0,0,0,1,2,,,,,,1,1,1,4,101282,0,1,,0,300,,0,300,,0,300,,0,300,,0,300,,-1
古斯特,桃,油,包心菜,香菇,梨,956,25,4.50,20,34,14,38,100000,11,20,0,0,80,0,0,0,0,0,0,1,2,,,,,,1,1,1,4,101283,0,0,,0,300,,0,300,,0,300,,0,300,,0,300,,-1
卡恩格登,木,牙,叶,骨,黏土,957,26,4.50,27,32,32,20,200,11,70,30,0,0,0,0,0,0,0,0,1,2,503,,,,,1,1,1,6,101284,1,0,,0,500,,0,500,,0,500,,0,500,,0,500,,-1
卡恩米兹,木,牙,叶,骨,黏土,958,26,4.50,30,31,25,23,200,11,0,70,30,0,0,0,0,0,0,0,1,2,503,,,,,1,1,1,6,101285,1,0,,0,500,,0,500,,0,500,,0,500,,0,500,,-1
卡恩法尔,木,牙,叶,骨,黏土,959,26,4.50,25,37,24,23,200,11,0,0,70,30,0,0,0,0,0,0,1,2,503,,,,,1,1,1,6,101286,1,0,,0,500,,0,500,,0,500,,0,500,,0,500,,-1
卡恩修比,木,牙,叶,骨,黏土,960,26,4.50,25,33,23,29,200,11,30,0,0,70,0,0,0,0,0,0,1,2,503,,,,,1,1,1,6,101287,1,0,,0,500,,0,500,,0,500,,0,500,,0,500,,-1
艾蜜,,,,,,961,25,4.50,23,23,24,28,270,-1,0,0,30,70,0,0,0,0,0,0,1,2,90,,,,,0,0,5,5,101280,1,0,,,,,,,,,,,,,,,,79,-1
讦谯龙,石,皮,线,肉,鱼,962,24,4.50,24,30,24,26,300,1,50,50,0,0,20,0,0,0,0,0,1,2,60,,,,,0,1,5,4,101279,1,0,,300,300,,300,300,,300,300,,300,300,,300,300,79,-1
萨登,,,,,,963,250,7.00,55,40,56,60,100,0,0,0,0,100,50,50,50,50,50,50,503,506,151,41,,,,2,1,1,7,101160,0,0,,,,,,,,,,,,,,,,,-1
魔界之门,,,,,,964,400,8.00,150,0,55,30,100,0,0,0,0,0,100,100,100,100,100,100,502,501,,,,,,2,1,1,7,101277,0,1,,,,,,,,,,,,,,,,,-1
鲁比,火,肉,螃蟹,章鱼,海草,965,23,4.50,22,32,27,26,300,-5,0,0,80,20,0,0,0,0,0,0,1,2,541,,,,,2,1,1,6,101177,1,1,,700,700,,700,700,,700,700,,700,700,,700,700,,29
莱比,石,木,皮,骨,线,966,21,4.50,32,27,20,26,100,11,0,80,20,0,0,0,0,0,0,0,1,2,,,,,,0,1,1,6,100821,1,0,,700,700,,700,700,,700,700,,700,700,,700,700,60,-1
帖拉所伊朵,石,皮,线,肉,鱼,967,28,4.50,23,35,25,21,300,-3,0,0,50,50,5,5,5,5,5,5,1,2,41,13,52,152,,2,5,5,6,100374,0,1,,300,300,,300,300,,300,300,,300,300,,300,300,,-1
艾迪希洛,肉,鱼,串,米,,968,32,4.50,23,45,16,35,300,-1,50,50,0,0,0,0,0,0,0,0,1,2,542,,,,,2,1,1,6,101423,1,1,,700,700,,700,700,,700,700,,700,700,,700,700,,29
蒙奇,芦笋,马铃薯,葡萄,苹果,樱桃,969,23,4.50,26,33,18,29,300,-5,0,0,30,70,0,0,0,0,0,0,1,2,580,,,,,2,1,1,6,101412,1,0,,700,700,,700,700,,700,700,,700,700,,700,700,,29
佩露夏,肉,鱼,串,米,,970,30,4.50,27,43,19,28,300,-5,0,100,0,0,1,1,1,1,1,1,1,2,41,52,152,30,,2,1,1,6,100872,0,1,,700,700,,700,700,,700,700,,700,700,,700,700,,-1
斑尼迪克,石,皮,线,肉,鱼,971,30,4.50,26,48,21,29,300,-5,0,0,10,90,0,0,0,0,0,0,1,2,41,12,52,152,,2,1,1,6,100907,0,1,,700,700,,700,700,,700,700,,700,700,,700,700,,-1
嘎吱拉,石,木,肉,鱼,米,972,28,4.50,27,36,42,13,250,-1,50,50,0,0,0,0,0,0,0,0,1,2,41,52,,,,1,1,1,4,100891,0,1,,700,700,,700,700,,700,700,,700,700,,700,700,,-1
哥斯哥斯,石,木,肉,鱼,米,973,25,4.50,39,30,36,10,150,11,80,0,0,20,0,0,0,0,0,0,1,2,,,,,,0,1,1,4,100892,0,1,,700,700,,700,700,,700,700,,700,700,,700,700,,-1
蒙哥拉斯,石,木,肉,鱼,米,974,26,4.50,39,30,34,11,250,-1,50,0,0,50,0,0,0,0,0,0,1,2,,,,,,1,1,1,4,100893,0,1,,700,700,,700,700,,700,700,,700,700,,700,700,,-1
萨格鲁,肉,鱼,串,米,,975,25,4.50,27,36,16,26,250,-1,0,50,50,0,0,0,0,0,0,0,1,2,,,,,,1,1,1,5,100873,0,1,,700,700,,700,700,,700,700,,700,700,,700,700,,-1
扑满乌力,石,木,皮,骨,线,976,25,4.50,31,27,28,33,300,-5,0,0,0,100,0,0,0,0,0,0,1,2,211,,,,,2,1,1,7,100820,0,0,,700,700,,700,700,,700,700,,700,700,,700,700,,-1
吉比,饮用水,豆,肉,碳火,卵,977,23,4.50,24,24,23,37,300,-5,20,0,0,80,0,0,0,0,0,0,1,2,210,,,,,2,1,1,7,101178,0,0,,700,700,,700,700,,700,700,,700,700,,700,700,,-1
嘎吱拉,石,木,肉,鱼,米,978,28,4.50,27,36,42,13,250,-1,50,50,0,0,0,0,0,0,0,0,1,2,318,52,,,,1,1,1,4,100891,0,1,,700,700,,700,700,,700,700,,700,700,,700,700,,-1
朵巴奈特,石,皮,线,肉,鱼,979,27,4.50,27,40,24,27,250,-1,0,0,40,60,0,0,0,0,0,0,1,2,541,,,,,1,1,1,4,100906,1,1,,700,700,,700,700,,700,700,,700,700,,700,700,,20
格林巴肯,石,木,线,叶,爪,981,27,4.50,30,39,18,27,150,11,90,10,0,0,0,0,0,0,0,0,1,2,600,,,,,0,1,1,4,101427,1,1,,700,700,,700,700,,700,700,,700,700,,700,700,,29
雷恩巴肯,石,木,线,叶,爪,982,27,4.50,34,39,16,28,150,11,0,90,10,0,0,0,0,0,0,0,1,2,600,,,,,0,1,1,4,101424,1,1,,700,700,,700,700,,700,700,,700,700,,700,700,,29
法亚巴肯,石,木,线,叶,爪,983,27,4.50,30,41,16,28,150,11,0,0,90,10,0,0,0,0,0,0,1,2,600,,,,,0,1,1,4,101425,1,1,,700,700,,700,700,,700,700,,700,700,,700,700,,29
奇欧巴肯,石,木,线,叶,爪,984,27,4.50,29,39,16,30,150,11,10,0,0,90,0,0,0,0,0,0,1,2,600,,,,,0,1,1,4,101426,1,1,,700,700,,700,700,,700,700,,700,700,,700,700,,29
赫拉克勒斯,石,米,鱼,,,985,39,4.50,24,40,27,26,350,0,100,0,0,0,0,0,0,0,0,0,1,2,,,,,,0,5,0,7,101438,1,1,,200,200,,200,200,,200,200,,,,,,,,-1
翟贝里恩,石,米,鱼,,,986,39,4.50,24,44,24,26,350,0,0,0,100,0,0,0,0,0,0,0,1,2,,,,,,0,5,0,7,101437,1,1,,200,200,,200,200,,200,200,,,,,,,,-1
史凯勒顿,石,木,肉,鱼,米,987,100,5.00,30,40,40,20,100000,11,80,0,0,20,0,0,0,0,0,0,1,2,504,52,579,30,41,1,1,1,7,101282,0,1,,0,300,,0,300,,0,300,,0,300,,0,300,,-1
古斯特,桃,油,包心菜,香菇,梨,988,100,5.00,30,40,20,40,100000,11,20,0,0,80,0,0,0,0,0,0,1,2,507,41,543,13,,1,1,1,7,101283,0,0,,0,300,,0,300,,0,300,,0,300,,0,300,,-1
库玛斯,苹果,地瓜,梨,肉,鱼,989,26,4.50,28,35,24,21,250,11,60,0,0,40,0,0,0,0,0,0,1,2,,,,,,0,1,1,7,101444,1,1,,700,700,,700,700,,700,700,,700,700,,700,700,,-1
雷玛特,苹果,地瓜,梨,肉,鱼,990,26,4.50,32,34,19,23,250,11,0,80,20,0,0,0,0,0,0,0,1,2,,,,,,0,1,1,7,101445,1,1,,700,700,,700,700,,700,700,,700,700,,700,700,,-1
菲斯玛,苹果,地瓜,梨,肉,鱼,991,26,4.50,30,39,16,23,250,11,0,70,30,0,0,0,0,0,0,0,1,2,,,,,,0,1,1,7,101446,1,1,,700,700,,700,700,,700,700,,700,700,,700,700,,-1
贝库尔,苹果,地瓜,梨,肉,鱼,992,26,4.50,30,35,17,26,250,11,10,0,0,90,0,0,0,0,0,0,1,2,,,,,,0,1,1,7,101447,1,1,,700,700,,700,700,,700,700,,700,700,,700,700,,-1
史奈克特,木,牙,叶,蜥蜴,,993,27,4.50,25,36,27,24,300,11,70,0,0,30,0,0,0,0,0,0,1,2,,,,,,1,1,1,7,101448,1,0,,500,500,,500,500,,500,500,,500,500,,0,0,,-1
葛利斯奈,木,牙,叶,蜥蜴,,994,27,4.50,29,35,26,23,300,11,30,70,0,0,0,0,0,0,0,0,1,2,,,,,,1,1,1,7,101449,1,0,,500,500,,500,500,,500,500,,500,500,,0,0,,-1
艾柏瑞,木,牙,叶,蜥蜴,,995,27,4.50,28,39,23,23,300,11,0,30,70,0,0,0,0,0,0,0,1,2,,,,,,1,1,1,7,101450,1,0,,500,500,,500,500,,500,500,,500,500,,,,,-1
拉特利,木,牙,叶,蜥蜴,,996,27,4.50,25,38,23,26,300,11,0,0,30,70,0,0,0,0,0,0,1,2,,,,,,1,1,1,7,101451,1,0,,500,500,,500,500,,500,500,,500,500,,0,0,,-1
毕格艾斯,花枝,螃蟹,鳞,章鱼,鱼,997,25,4.50,34,29,28,17,250,0,80,20,0,0,0,0,0,0,0,0,1,2,,,,,,0,1,1,7,101452,0,1,,700,700,,700,700,,700,700,,700,700,,700,700,,-1
裘比斯,花枝,螃蟹,鳞,章鱼,鱼,998,25,4.50,36,29,26,18,250,0,0,80,20,0,0,0,0,0,0,0,1,2,,,,,,0,1,1,7,101453,0,1,,700,700,,700,700,,700,700,,700,700,,700,700,,-1
阿卡西斯,花枝,螃蟹,鳞,章鱼,鱼,999,25,4.50,34,31,26,18,250,0,0,0,80,20,0,0,0,0,0,0,1,2,,,,,,0,1,1,7,101454,0,1,,700,700,,700,700,,700,700,,700,700,,700,700,,-1
洛可洛斯,花枝,螃蟹,鳞,章鱼,鱼,1000,25,4.50,33,29,25,20,250,0,50,50,0,0,0,0,0,0,0,0,1,2,,,,,,0,1,1,7,101455,0,1,,700,700,,700,700,,700,700,,700,700,,700,700,,-1
法兹蒙特,木,皮,骨,线,牙,1001,24,4.50,32,20,35,16,150,-1,70,30,0,0,0,0,0,0,0,0,1,2,,,,,,1,1,1,7,101456,1,1,,700,700,,700,700,,700,700,,700,700,,700,700,,-1
雷格特,木,皮,骨,线,牙,1002,23,4.50,34,20,33,16,150,-1,0,100,0,0,0,0,0,0,0,0,1,2,,,,,,1,1,1,7,101457,1,1,,700,700,,700,700,,700,700,,700,700,,700,700,,-1
洛克尔,木,皮,骨,线,牙,1003,23,4.50,31,23,33,16,150,-1,0,0,50,50,0,0,0,0,0,0,1,2,,,,,,1,1,1,7,101458,1,1,,700,700,,700,700,,700,700,,700,700,,700,700,,-1
米恩斯特,木,皮,骨,线,牙,1004,23,4.50,30,20,33,20,150,-1,70,0,0,30,0,0,0,0,0,0,1,2,,,,,,1,1,1,7,101459,1,1,,700,700,,700,700,,700,700,,700,700,,700,700,,-1
利西亚,石,线,骨,肉,米,1005,26,4.50,30,27,26,26,250,-1,100,0,0,0,0,0,0,0,0,0,1,2,,,,,,1,1,1,7,101460,1,0,,700,700,,700,700,,700,700,,700,700,,700,700,,-1
佩罗亚,石,线,骨,肉,米,1006,26,4.50,33,27,22,27,250,-1,0,80,20,0,0,0,0,0,0,0,1,2,,,,,,1,1,1,7,101461,1,0,,700,700,,700,700,,700,700,,700,700,,700,700,,-1
伊利曼亚,石,线,骨,肉,米,1007,26,4.50,30,29,22,28,250,-1,0,0,90,10,0,0,0,0,0,0,1,2,,,,,,1,1,1,7,101462,1,0,,700,700,,700,700,,700,700,,700,700,,700,700,,-1
卡力洛亚,石,线,骨,肉,米,1008,26,4.50,29,28,21,31,250,-1,0,0,20,80,0,0,0,0,0,0,1,2,,,,,,1,1,1,7,101463,1,0,,700,700,,700,700,,700,700,,700,700,,700,700,,-1
奥普萨斯,石,皮,线,肉,鱼,1009,27,4.50,27,35,28,28,250,-1,90,0,0,10,0,0,0,0,0,0,1,2,,,,,,1,1,1,7,101467,1,1,,700,700,,700,700,,700,700,,700,700,,700,700,,-1
利普多尔,石,皮,线,肉,鱼,1010,27,4.50,31,35,25,27,250,-1,20,80,0,0,0,0,0,0,0,0,1,2,,,,,,1,1,1,7,101465,1,1,,700,700,,700,700,,700,700,,700,700,,700,700,,-1
邦克普斯,石,皮,线,肉,鱼,1011,27,4.50,27,39,24,28,250,-1,0,0,80,20,0,0,0,0,0,0,1,2,,,,,,1,1,1,7,101466,1,1,,700,700,,700,700,,700,700,,700,700,,700,700,,-1
拉佛洛斯,石,皮,线,肉,鱼,1012,27,4.50,27,35,25,31,250,-1,60,0,0,40,0,0,0,0,0,0,1,2,,,,,,1,1,1,7,101464,1,1,,700,700,,700,700,,700,700,,700,700,,700,700,,-1
迪亚古斯,石,木,肉,鱼,米,1013,25,4.50,33,30,34,13,250,-1,50,50,0,0,0,0,0,0,0,0,1,2,,,,,,1,1,1,7,101468,1,1,,700,700,,700,700,,700,700,,700,700,,700,700,,-1
马鲁古斯,石,木,肉,鱼,米,1014,25,4.50,36,30,30,14,250,-1,0,100,0,0,0,0,0,0,0,0,1,2,,,,,,1,1,1,7,101469,1,1,,700,700,,700,700,,700,700,,700,700,,700,700,,-1
尔洛普,石,木,肉,鱼,米,1015,25,4.50,34,32,30,14,250,-1,0,20,80,0,0,0,0,0,0,0,1,2,,,,,,1,1,1,7,101470,1,1,,700,700,,700,700,,700,700,,700,700,,700,700,,-1
卡克普,石,木,肉,鱼,米,1016,25,4.50,33,30,29,19,250,-1,90,0,0,10,0,0,0,0,0,0,1,2,,,,,,1,1,1,7,101471,1,1,,700,700,,700,700,,700,700,,700,700,,700,700,,-1
西修,肉,鱼,串,盐,油,1017,17,4.50,24,23,38,13,300,-5,60,0,0,40,0,0,0,0,0,0,1,2,,,,,,2,1,1,7,101472,1,0,,700,700,,700,700,,700,700,,700,700,,700,700,,-1
哈尔修,肉,鱼,串,盐,油,1018,17,4.50,26,24,35,13,300,-5,40,60,0,0,0,0,0,0,0,0,1,2,,,,,,2,1,1,7,101473,1,0,,700,700,,700,700,,700,700,,700,700,,700,700,,-1
弗利修,肉,鱼,串,盐,油,1019,17,4.50,24,26,35,13,300,-5,0,40,60,0,0,0,0,0,0,0,1,2,,,,,,2,1,1,7,101474,1,0,,700,700,,700,700,,700,700,,700,700,,700,700,,-1
巴利,肉,鱼,串,盐,油,1020,17,4.50,22,23,35,18,300,-5,0,0,40,60,0,0,0,0,0,0,1,2,,,,,,2,1,1,7,101475,1,0,,700,700,,700,700,,700,700,,700,700,,700,700,,-1
雅特拉斯,石,木,皮,线,牙,1021,23,4.50,23,25,21,39,250,-1,70,0,0,30,0,0,0,0,0,0,1,2,,,,,,1,1,1,7,101476,1,0,,700,700,,700,700,,700,700,,700,700,,700,700,,-1
伊利亚德,石,木,皮,线,牙,1022,23,4.50,27,25,17,39,250,-1,10,90,0,0,0,0,0,0,0,0,1,2,,,,,,1,1,1,7,101477,1,0,,700,700,,700,700,,700,700,,700,700,,700,700,,-1
米尼奈巴,石,木,皮,线,牙,1023,23,4.50,23,29,16,40,250,-1,0,0,60,40,0,0,0,0,0,0,1,2,,,,,,1,1,1,7,101478,1,0,,700,700,,700,700,,700,700,,700,700,,700,700,,-1
德拉斯,石,木,皮,线,牙,1024,23,4.50,23,25,16,44,250,-1,0,0,0,100,0,0,0,0,0,0,1,2,,,,,,1,1,1,7,101479,1,0,,700,700,,700,700,,700,700,,700,700,,700,700,,-1
科伦特,石,木,皮,线,牙,1025,23,4.50,28,23,19,38,250,-1,20,80,0,0,0,0,0,0,0,0,1,2,,,,,,1,1,1,7,101480,1,0,,700,700,,700,700,,700,700,,700,700,,700,700,,-1
邦欧里,肉,串,盐,碳火,,1026,24,4.50,31,30,20,23,300,-5,80,20,0,0,0,0,0,0,0,0,1,2,,,,,,2,1,1,7,101481,1,0,,700,700,,700,700,,700,700,,700,700,,700,700,,-1
加雷,肉,串,盐,碳火,,1027,24,4.50,34,31,16,23,300,-5,0,100,0,0,0,0,0,0,0,0,1,2,,,,,,2,1,1,7,101482,1,0,,700,700,,700,700,,700,700,,700,700,,700,700,,-1
加古特,肉,串,盐,碳火,,1028,24,4.50,31,35,15,23,300,-5,0,20,80,0,0,0,0,0,0,0,1,2,,,,,,2,1,1,7,101483,1,0,,700,700,,700,700,,700,700,,700,700,,700,700,,-1
邦西普,肉,串,盐,碳火,,1029,24,4.50,31,31,15,27,300,-5,0,0,20,80,0,0,0,0,0,0,1,2,,,,,,2,1,1,7,101484,1,0,,700,700,,700,700,,700,700,,700,700,,700,700,,-1
伊亚欧莱,石,木,肉,鱼,米,1030,27,4.50,28,30,26,28,250,-1,70,0,0,30,0,0,0,0,0,0,1,2,,,,,,1,1,1,7,101485,1,1,,700,700,,700,700,,700,700,,700,700,,700,700,,-1
拉格多鲁,石,木,肉,鱼,米,1031,27,4.50,30,31,23,27,250,-1,0,70,30,0,0,0,0,0,0,0,1,2,,,,,,1,1,1,7,101486,1,1,,700,700,,700,700,,700,700,,700,700,,700,700,,-1
西顿克尔,石,木,肉,鱼,米,1032,27,4.50,27,34,22,28,250,-1,0,0,60,40,0,0,0,0,0,0,1,2,,,,,,1,1,1,7,101487,1,1,,700,700,,700,700,,700,700,,700,700,,700,700,,-1
克罗那斯,石,木,肉,鱼,米,1033,27,4.50,26,35,22,28,250,-1,0,0,50,50,0,0,0,0,0,0,1,2,,,,,,1,1,1,7,101488,1,1,,700,700,,700,700,,700,700,,700,700,,700,700,,-1
阿米朵,石,皮,线,肉,鱼,1034,27,5.00,27,35,30,27,150,11,40,0,0,60,0,0,0,0,0,0,1,2,12,40,,,,0,1,1,4,100908,0,1,,700,700,,700,700,,700,700,,700,700,,700,700,,-1
朵巴奈特,石,皮,线,肉,鱼,1035,27,4.50,28,41,25,28,250,-1,0,0,40,60,0,0,0,0,0,0,1,2,541,595,,,,1,1,1,4,100906,0,1,,700,700,,700,700,,700,700,,700,700,,700,700,,-1
斑尼迪克,石,皮,线,肉,鱼,1036,31,5.00,27,49,22,30,300,-5,0,0,10,90,0,0,0,0,0,0,1,2,210,30,,,,2,1,1,6,100907,0,1,,700,700,,700,700,,700,700,,700,700,,700,700,,-1
邦司凉朵,石,木,皮,骨,线,1037,26,5.00,31,36,28,25,150,11,20,80,0,0,0,0,0,0,0,0,1,2,506,543,,,,0,1,1,4,100909,0,1,,700,700,,700,700,,700,700,,700,700,,700,700,,-1
可可恩,石,皮,线,肉,鱼,1038,28,4.50,27,34,20,26,150,11,0,80,20,0,0,0,0,0,0,0,1,2,543,51,,,,0,1,1,4,100898,0,1,,700,700,,700,700,,700,700,,700,700,,700,700,,-1
克洛恩,石,皮,线,肉,鱼,1039,30,5.00,27,34,26,29,250,-1,50,50,0,0,0,0,0,0,0,0,1,2,13,152,,,,1,1,1,4,100899,0,1,,700,700,,700,700,,700,700,,700,700,,700,700,,-1
布兰恩,石,皮,线,肉,鱼,1040,26,5.00,25,30,28,30,150,11,80,0,0,20,0,0,0,0,0,0,1,2,503,120,,,,0,1,1,4,100900,0,1,,700,700,,700,700,,700,700,,700,700,,700,700,,-1
迪布恩,石,皮,线,肉,鱼,1041,29,5.00,29,31,24,27,150,11,10,90,0,0,0,0,0,0,0,0,1,2,41,12,,,,0,1,1,4,100901,0,1,,700,700,,700,700,,700,700,,700,700,,700,700,,-1
布洛多多,石,皮,线,肉,鱼,1042,26,4.50,26,34,29,26,150,11,40,0,0,60,0,0,0,0,0,0,1,2,,,,,,0,1,1,4,100908,1,1,,700,700,,700,700,,700,700,,700,700,,700,700,50,-1
海贼王,,,,,,1043,160,6.00,30,45,25,25,100,0,0,50,50,0,0,0,0,0,0,0,1,579,507,504,501,541,,0,5,0,7,101099,0,0,,,,,,,,,,,,,,,,,-1
药草,,,,,,1044,125,1.00,100,0,0,0,100,0,0,0,0,0,1000,1000,1000,1000,1000,1000,0,-1,-1,-1,-1,-1,-1,0,0,0,7,13217,0,0,0,0,0,0,0,0,0,0,0,0,0,0,0,0,0,,-1
宠物蛋,石,木,皮,骨,线,1045,10,4.50,20,10,10,10,150,11,100,0,0,0,0,0,0,0,0,0,,,,,,,,0,1,1,7,101489,1,0,,700,700,,700,700,,700,700,,700,700,,700,700,30,-1
小偷,,,,,,1046,20,5.00,20,10,20,50,100,0,50,0,0,50,0,0,0,0,0,0,1,140,-1,-1,-1,-1,-1,0,5,5,7,100400,0,0,0,0,0,0,0,0,0,0,0,0,0,0,0,0,0,,-1
洛奇斯德,石,米,鱼,,,1047,39,4.50,27,40,24,24,350,0,0,100,0,0,0,0,0,0,0,0,1,2,,,,,,0,5,0,7,101442,1,1,,200,200,,200,200,,200,200,,,,,,,,29
缪那,石,米,鱼,,,1048,39,4.50,23,40,22,32,350,0,0,0,0,100,0,0,0,0,0,0,1,2,,,,,,0,5,0,7,101443,1,1,,200,200,,200,200,,200,200,,,,,,,,29
米鲁多,饮用水,豆,肉,碳火,卵,1049,24,4.50,24,35,20,42,300,-5,30,70,0,0,0,0,0,0,0,0,1,2,,,,,,0,1,1,6,101439,1,0,,700,700,,700,700,,700,700,,700,700,,700,700,,29
多鲁多,饮用水,豆,肉,碳火,卵,1050,24,4.50,24,34,15,46,300,-5,20,0,0,80,0,0,0,0,0,0,1,2,,,,,,0,1,1,6,101440,1,0,,700,700,,700,700,,700,700,,700,700,,700,700,,29
布尔摩,石,皮,线,肉,鱼,1051,27,4.50,27,43,23,31,250,-1,0,0,80,20,0,0,0,0,0,0,1,2,,,,,,1,1,1,5,101441,1,1,,700,700,,700,700,,700,700,,700,700,,700,700,,29
