sai_e_113_1,88,-1,-1,119,,,,,,,,,,1,,,,,,,,,
sai_e_113_2/3,89,-1,-1,120,,,,,,,,,,1,,,,,,,,,
sai_e_113_3/5,90,-1,-1,121,,,,,,,,,,1,,,,,,,,,
sai_e_114_1,91,-1,-1,122,,,,,,,,,,1,,,,,,,,,
sai_e_114_2/3,92,-1,-1,123,,,,,,,,,,1,,,,,,,,,
sai_e_114_3/5,93,-1,-1,124,,,,,,,,,,1,,,,,,,,,
sai_e_113&114_2/3,94,-1,-1,120,123,,,,,,,,,1,1,,,,,,,,
sai_e_51_1/2,95,-1,-1,125,,,,,,,,,,1,,,,,,,,,
sai_e_51_3/4,96,-1,-1,126,,,,,,,,,,1,,,,,,,,,
sai_e_51_4/6,97,-1,-1,127,,,,,,,,,,1,,,,,,,,,
sai_e_52_1/2,98,-1,-1,128,,,,,,,,,,1,,,,,,,,,
sai_e_52_3/4,99,-1,-1,129,,,,,,,,,,1,,,,,,,,,
sai_e_52_4/6,100,-1,-1,130,,,,,,,,,,1,,,,,,,,,
sai_e_51&52_4/6,101,-1,-1,127,130,,,,,,,,,1,1,,,,,,,,
sai_w_001_1,104,-1,-1,140,,,,,,,,,,1,,,,,,,,,
sai_w_001_2/3,105,-1,-1,141,,,,,,,,,,1,,,,,,,,,
sai_w_001_3/5,106,-1,-1,142,,,,,,,,,,1,,,,,,,,,
sai_w_003_1,107,-1,-1,143,,,,,,,,,,1,,,,,,,,,
sai_w_003_2/3,108,-1,-1,144,,,,,,,,,,1,,,,,,,,,
sai_w_003_3/5,109,-1,-1,145,,,,,,,,,,1,,,,,,,,,
sai_w_213_1/2,110,-1,-1,146,,,,,,,,,,1,,,,,,,,,
sai_w_213_2/4,111,-1,-1,147,,,,,,,,,,1,,,,,,,,,
sai_w_213_4/6,112,-1,-1,148,,,,,,,,,,1,,,,,,,,,
sai_w_212_1/2,113,-1,-1,149,,,,,,,,,,1,,,,,,,,,
sai_w_212_2/4,114,-1,-1,150,,,,,,,,,,1,,,,,,,,,
sai_w_212_4/6,115,-1,-1,151,,,,,,,,,,1,,,,,,,,,
sai_w_213&212_2/4,116,-1,-1,147,150,,,,,,,,,1,1,,,,,,,,
sai_w_213&212_4/6,117,-1,-1,148,151,,,,,,,,,1,1,,,,,,,,
sai_f_331_1,118,-1,-1,153,,,,,,,,,,1,,,,,,,,,
sai_f_331_10,119,-1,-1,152,,,,,,,,,,1,,,,,,,,,
sai_n_011_1,120,-1,-1,156,,,,,,,,,,1,,,,,,,,,
sai_n_011_8/10,121,-1,-1,157,,,,,,,,,,1,,,,,,,,,
sai_n_011_9/11,122,-1,-1,158,,,,,,,,,,1,,,,,,,,,
sai_n_013_1,124,-1,-1,160,,,,,,,,,,1,,,,,,,,,
sai_n_013_9/11,125,-1,-1,161,,,,,,,,,,,,,,,,,,,
sai_n_013_10/12,126,-1,-1,163,,,,,,,,,,1,,,,,,,,,
sai_n_013_11/13,127,-1,-1,164,,,,,,,,,,1,,,,,,,,,
sai_n_011_8/10&013_9/11,128,-1,-1,157,161,,,,,,,,,1,1,,,,,,,,
sai_n_011_9/11&013_1012,129,-1,-1,158,163,,,,,,,,,1,1,,,,,,,,
sai_n_011_10/12&013_11/13,130,-1,-1,159,164,,,,,,,,,1,1,,,,,,,,
sai_n_072_1,131,-1,-1,165,,,,,,,,,,1,,,,,,,,,
sai_n_072_10/13,132,-1,-1,167,,,,,,,,,,1,,,,,,,,,
sai_n_072_12/15,133,-1,-1,168,,,,,,,,,,1,,,,,,,,,
sai_n_072_14/17,134,-1,-1,169,,,,,,,,,,1,,,,,,,,,
sai_n_074_1,135,-1,-1,170,,,,,,,,,,1,,,,,,,,,
sai_n_074_11/14,136,-1,-1,171,,,,,,,,,,1,,,,,,,,,
sai_n_074_13/16,137,-1,-1,172,,,,,,,,,,1,,,,,,,,,
sai_n_074_15/18,139,-1,-1,173,,,,,,,,,,1,,,,,,,,,
sai_n_072_10/13&074_11/14,140,-1,-1,167,171,,,,,,,,,1,1,,,,,,,,
sai_n_072_12/15&074_13/16,141,-1,-1,168,172,,,,,,,,,1,,,,,,,,,
sai_n_072_14/17&074_15/18,142,-1,-1,169,173,,,,,,,,,1,1,,,,,,,,
sai_d_063_1,143,-1,-1,174,,,,,,,,,,1,,,,,,,,,
sai_d_063_10/14,144,-1,-1,175,,,,,,,,,,1,,,,,,,,,
sai_d_063_12/16,145,-1,-1,176,,,,,,,,,,1,,,,,,,,,
sai_d_063_16_/20,146,-1,-1,177,,,,,,,,,,1,,,,,,,,,
sai_d_064_1,147,-1,-1,178,,,,,,,,,,1,,,,,,,,,
sai_d_064_9/13,148,-1,-1,179,,,,,,,,,,1,,,,,,,,,
sai_d_064_11/15,149,-1,-1,180,,,,,,,,,,1,,,,,,,,,
sai_d_064_15/19,150,-1,-1,181,,,,,,,,,,1,,,,,,,,,
sai_d_063_10/14&064_9/13,151,-1,-1,175,179,,,,,,,,,1,1,,,,,,,,
sai_d_063_12/16&064_11/15,152,-1,-1,176,180,,,,,,,,,1,1,,,,,,,,
sai_d_063_16/20&064_15/19,153,-1,-1,177,181,,,,,,,,,1,1,,,,,,,,
sai_n_291_1,156,-1,-1,190,,,,,,,,,,1,,,,,,,,,
sai_n_291_8/10,157,-1,-1,191,,,,,,,,,,1,,,,,,,,,
sai_n_291_10/12,158,-1,-1,192,,,,,,,,,,1,,,,,,,,,
sai_n_291_12/14,159,-1,-1,193,,,,,,,,,,1,,,,,,,,,
sai_n_294_1,160,-1,-1,194,,,,,,,,,,1,,,,,,,,,
sai_n_294_9/11,161,-1,-1,195,,,,,,,,,,1,,,,,,,,,
sai_n_294_11/13,162,-1,-1,196,,,,,,,,,,1,,,,,,,,,
sai_n_294_13/15,163,-1,-1,197,,,,,,,,,,1,,,,,,,,,
sai_n_291_1&294_1,164,-1,-1,190,194,,,,,,,,,1,1,,,,,,,,
sai_n_291_8/10&294_9/11,165,-1,-1,191,195,,,,,,,,,1,1,,,,,,,,
sai_n_291_10/12&294_11/13,166,-1,-1,192,196,,,,,,,,,1,1,,,,,,,,
sai_n_294_11/13&294_13/15,167,-1,-1,196,197,,,,,,,,,1,1,,,,,,,,
sai_ei_001_15/20,169,-1,-1,255,,,,,,,,,,1,,,,,,,,,
sai_ei_003_15/20,170,-1,-1,256,,,,,,,,,,1,,,,,,,,,
sai_wi_111_1,171,-1,-1,257,,,,,,,,,,1,,,,,,,,,
sai_wi_111_15/20,172,-1,-1,258,,,,,,,,,,1,,,,,,,,,
sai_wi_113_15/20,173,-1,-1,259,,,,,,,,,,1,,,,,,,,,
sai_wi_114_15/20,174,-1,-1,260,,,,,,,,,,1,,,,,,,,,
sai_wi_111&113&114_15/20,175,-1,-1,258,259,260,,,,,,,,1,1,1,,,,,,,
sai_sf_051_6/8,176,-1,-1,263,,,,,,,,,,1,,,,,,,,,
sai_sf_052_5/7,177,-1,-1,265,,,,,,,,,,1,,,,,,,,,
sai_sf_051_6/8&052_5/7,178,-1,-1,263,265,,,,,,,,,1,1,,,,,,,,
sai_sf_212_5/7,179,-1,-1,262,,,,,,,,,,1,,,,,,,,,
sai_sf_213_6/8,180,-1,-1,261,,,,,,,,,,1,,,,,,,,,
sai_sf_212_5/7&213_6/8,181,-1,-1,262,261,,,,,,,,,1,1,,,,,,,,
dan_1_01_041_1,182,-1,-1,266,,,,,,,,,,1,,,,,,,,,
dan_1_00_051_20/22,183,-1,-1,267,,,,,,,,,,1,,,,,,,,,
dan_1_00_051_21/23,184,-1,-1,268,,,,,,,,,,1,,,,,,,,,
dan_1_00_051_21/23,185,-1,-1,269,,,,,,,,,,1,,,,,,,,,
dan_1_00_051_28/30,186,-1,-1,270,,,,,,,,,,1,,,,,,,,,
dan_1_01_042_1,187,-1,-1,271,,,,,,,,,,1,,,,,,,,,
dan_1_00_052_20/22,188,-1,-1,272,,,,,,,,,,1,,,,,,,,,
dan_1_00_052_21/23,189,-1,-1,273,,,,,,,,,,1,,,,,,,,,
dan_1_00_052_21/23,190,-1,-1,274,,,,,,,,,,1,,,,,,,,,
dan_1_00_052_28/30,191,-1,-1,275,,,,,,,,,,1,,,,,,,,,
dan_1_00_051&052_20/22,192,-1,-1,267,272,,,,,,,,,1,1,,,,,,,,
dan_1_00_051&052_21/23,193,-1,-1,268,273,,,,,,,,,1,1,,,,,,,,
dan_1_00_051&052_21/23,194,-1,-1,269,274,,,,,,,,,1,1,,,,,,,,
dan_1_00_051&052_28/30,195,-1,-1,270,275,,,,,,,,,1,1,,,,,,,,
dan_1_00_41_22/24,197,-1,-1,278,,,,,,,,,,1,,,,,,,,,
dan_1_00_41_25/27,198,-1,-1,280,,,,,,,,,,1,,,,,,,,,
dan_1_00_42_22/24,201,-1,-1,282,,,,,,,,,,1,,,,,,,,,
dan_1_00_42_25/27,202,-1,-1,283,,,,,,,,,,1,,,,,,,,,
dan_1_00_41&42__22/24,203,-1,-1,278,282,,,,,,,,,1,1,,,,,,,,
dan_1_00_41&42__25/27,204,-1,-1,280,283,,,,,,,,,1,1,,,,,,,,
sai_n_011_10/12,205,-1,-1,159,,,,,,,,,,1,,,,,,,,,
dan_1_01_41_20/21,206,-1,-1,285,,,,,,,,,,1,,,,,,,,,
dan_1_01_41_21/23,207,-1,-1,286,,,,,,,,,,1,,,,,,,,,
dan_1_01_41_23/25,208,-1,-1,287,,,,,,,,,,1,,,,,,,,,
dan_1_01_42_1,209,-1,-1,271,,,,,,,,,,1,,,,,,,,,
dan_1_01_42_20/23,210,-1,-1,289,,,,,,,,,,1,,,,,,,,,
dan_1_01_42_22/25,211,-1,-1,290,,,,,,,,,,1,,,,,,,,,
dan_1_01_42_24/26,212,-1,-1,291,,,,,,,,,,1,,,,,,,,,
dan_1_01_41_20/21&42_20/23,213,-1,-1,285,289,,,,,,,,,1,1,,,,,,,,
dan_1_01_41_20/21&42_22/25,214,-1,-1,286,290,,,,,,,,,1,1,,,,,,,,
dan_1_01_41_23/25&42_24/26,215,-1,-1,287,291,,,,,,,,,1,1,,,,,,,,
dan_1_01_041_1,216,-1,-1,266,,,,,,,,,,1,,,,,,,,,
jal_e_31_1,226,-1,-1,369,,,,,,,,,,1,,,,,,,,,
jal_e_31_1/2,227,-1,-1,370,,,,,,,,,,1,,,,,,,,,
jal_e_31_2/4,228,-1,-1,371,,,,,,,,,,1,,,,,,,,,
jal_e_32_1,229,-1,-1,372,,,,,,,,,,1,,,,,,,,,
jal_e_32_1/2,230,-1,-1,373,,,,,,,,,,1,,,,,,,,,
jal_e_32_2/4,231,-1,-1,374,,,,,,,,,,1,,,,,,,,,
jal_e_31_1/2&32_1/2,232,-1,-1,370,373,,,,,,,,,1,1,,,,,,,,
jal_e_31_2/4&32_2/4,233,-1,-1,371,374,,,,,,,,,1,1,,,,,,,,
jal_e_103_1/2,234,-1,-1,378,,,,,,,,,,1,,,,,,,,,
jal_e_103_2/4,235,-1,-1,379,,,,,,,,,,1,,,,,,,,,
jal_e_103_3/5,236,-1,-1,380,,,,,,,,,,1,,,,,,,,,
jal_e_211_1/2,237,-1,-1,375,,,,,,,,,,1,,,,,,,,,
jal_e_211_3/5,238,-1,-1,376,,,,,,,,,,1,,,,,,,,,
jal_e_211_4/6,239,-1,-1,377,,,,,,,,,,1,,,,,,,,,
jal_w_101_1,240,-1,-1,382,,,,,,,,,,1,,,,,,,,,
jal_w_101_1/2,241,-1,-1,383,,,,,,,,,,1,,,,,,,,,
jal_w_101_2/4,242,-1,-1,384,,,,,,,,,,1,,,,,,,,,
jal_w_104_1,243,-1,-1,385,,,,,,,,,,1,,,,,,,,,
jal_w_104_1/2,244,-1,-1,386,,,,,,,,,,1,,,,,,,,,
jal_w_104_2/4,245,-1,-1,387,,,,,,,,,,1,,,,,,,,,
jal_w_101_1/2&104_1/2,246,-1,-1,383,386,,,,,,,,,1,1,,,,,,,,
jal_w_101_2/4&104_2/4,247,-1,-1,384,387,,,,,,,,,1,1,,,,,,,,
jal_w_221_1/2,248,-1,-1,394,,,,,,,,,,1,,,,,,,,,
jal_w_221_2/3,249,-1,-1,395,,,,,,,,,,1,,,,,,,,,
jal_w_33_1/2,254,-1,-1,388,,,,,,,,,,1,,,,,,,,,
jal_w_33_2/4,255,-1,-1,389,,,,,,,,,,1,,,,,,,,,
jal_w_33_3/5,256,-1,-1,390,,,,,,,,,,1,,,,,,,,,
jal_w_62_1/2,257,-1,-1,391,,,,,,,,,,1,,,,,,,,,
jal_w_62_3/5,258,-1,-1,392,,,,,,,,,,1,,,,,,,,,
jal_w_62_4/6,259,-1,-1,393,,,,,,,,,,1,,,,,,,,,
jal_s_181_1,260,-1,-1,406,,,,,,,,,,1,,,,,,,,,
jal_s_181_12/15,261,-1,-1,407,,,,,,,,,,1,,,,,,,,,
jal_s_181_14/17,262,-1,-1,408,,,,,,,,,,1,,,,,,,,,
jal_s_181_16/18,263,-1,-1,409,,,,,,,,,,1,,,,,,,,,
jal_s_182_1,264,-1,-1,410,,,,,,,,,,1,,,,,,,,,
jal_s_182_11/14,265,-1,-1,411,,,,,,,,,,1,,,,,,,,,
jal_s_182_13/16,266,-1,-1,412,,,,,,,,,,1,,,,,,,,,
jal_s_182_15/18,267,-1,-1,413,,,,,,,,,,1,,,,,,,,,
jal_s_181_12/15&182_11/14,268,-1,-1,407,411,,,,,,,,,1,1,,,,,,,,
jal_s_181_14/17&182_13/16,269,-1,-1,408,412,,,,,,,,,1,1,,,,,,,,
jal_s_181_16/18&182_15/18,270,-1,-1,409,413,,,,,,,,,1,1,,,,,,,,
jal_s_191_1,271,-1,-1,414,,,,,,,,,,1,,,,,,,,,
jal_s_191_14/16,272,-1,-1,415,,,,,,,,,,1,,,,,,,,,
jal_s_191_16/18,273,-1,-1,416,,,,,,,,,,1,,,,,,,,,
jal_s_191_18/20,274,-1,-1,417,,,,,,,,,,1,,,,,,,,,
jal_s_192_1,275,-1,-1,418,,,,,,,,,,1,,,,,,,,,
jal_s_192_14/16,276,-1,-1,419,,,,,,,,,,1,,,,,,,,,
jal_s_192_16/18,277,-1,-1,420,,,,,,,,,,1,,,,,,,,,
jal_s_192_18/20,278,-1,-1,421,,,,,,,,,,1,,,,,,,,,
jal_s_191_14/16&192_14/16,279,-1,-1,415,419,,,,,,,,,1,1,,,,,,,,
jal_s_191_16/18&192_16/18,280,-1,-1,416,420,,,,,,,,,1,1,,,,,,,,
jal_s_191_18/20&192_18/20,281,-1,-1,417,421,,,,,,,,,1,1,,,,,,,,
jal_s_292_1,282,-1,-1,398,,,,,,,,,,1,,,,,,,,,
jal_s_292_10/13,283,-1,-1,399,,,,,,,,,,1,,,,,,,,,
jal_s_292_12/15,284,-1,-1,400,,,,,,,,,,1,,,,,,,,,
jal_s_292_14/16,285,-1,-1,401,,,,,,,,,,1,,,,,,,,,
jal_s_293_1,286,-1,-1,402,,,,,,,,,,1,,,,,,,,,
jal_s_293_10/13,287,-1,-1,403,,,,,,,,,,1,,,,,,,,,
jal_s_293_12/15,288,-1,-1,404,,,,,,,,,,1,,,,,,,,,
jal_s_293_14/16,289,-1,-1,405,,,,,,,,,,1,,,,,,,,,
jal_s_292_10/13&293_10/13,290,-1,-1,399,403,,,,,,,,,1,1,,,,,,,,
jal_s_292_12/15&293_12/15,291,-1,-1,400,404,,,,,,,,,1,1,,,,,,,,
jal_s_292_14/16&293_14/16,292,-1,-1,401,405,,,,,,,,,1,1,,,,,,,,
jal_s_221_15/17,293,-1,-1,422,,,,,,,,,,1,,,,,,,,,
jal_s_221_16/18,294,-1,-1,423,,,,,,,,,,1,,,,,,,,,
jal_s_221_18/20,295,-1,-1,424,,,,,,,,,,1,,,,,,,,,
jal_s_224_15/17,296,-1,-1,425,,,,,,,,,,1,,,,,,,,,
jal_s_224_16/18,297,-1,-1,426,,,,,,,,,,1,,,,,,,,,
jal_s_224_18/20,298,-1,-1,427,,,,,,,,,,1,,,,,,,,,
jal_s_221_15/17&224_15/17,299,-1,-1,422,425,,,,,,,,,1,1,,,,,,,,
jal_s_221_16/18&224_16/18,300,-1,-1,423,426,,,,,,,,,1,1,,,,,,,,
jal_s_221_18/20&224_18/20,301,-1,-1,424,427,,,,,,,,,1,1,,,,,,,,
jal_I_101_10/12,302,-1,-1,428,,,,,,,,,,1,,,,,,,,,
jal_I_103_10/12,303,-1,-1,429,,,,,,,,,,1,,,,,,,,,
jal_I_104_10/12,304,-1,-1,430,,,,,,,,,,1,,,,,,,,,
jal_I_101_3_15/20,305,-1,-1,428,429,430,,,,,,,,1,1,1,,,,,,,
jal_I_14_1,306,-1,-1,433,,,,,,,,,,1,,,,,,,,,
jal_I_14_8/10,307,-1,-1,434,,,,,,,,,,1,,,,,,,,,
jal_I_211_6/9,308,-1,-1,431,,,,,,,,,,1,,,,,,,,,
jal_I_62_6/9,309,-1,-1,432,,,,,,,,,,1,,,,,,,,,
jal_I_31_10/12,310,-1,-1,435,,,,,,,,,,1,,,,,,,,,
jal_I_32_10/12,311,-1,-1,436,,,,,,,,,,1,,,,,,,,,
jal_I_33_10/12,312,-1,-1,437,,,,,,,,,,1,,,,,,,,,
jal_I_31_3_10/12,313,-1,-1,435,436,437,,,,,,,,1,1,1,,,,,,,
jal_I_243_1,314,-1,-1,438,,,,,,,,,,1,,,,,,,,,
jal_I_243_18/20,315,-1,-1,439,,,,,,,,,,1,,,,,,,,,
jal_I_224_1,316,-1,-1,396,,,,,,,,,,1,,,,,,,,,
dan_1_02_222_1,317,-1,-1,442,,,,,,,,,,1,,,,,,,,,
dan_1_02_222_18/22,318,-1,-1,443,,,,,,,,,,1,,,,,,,,,
dan_1_02_223_1,319,-1,-1,446,,,,,,,,,,1,,,,,,,,,
dan_1_02_223_18/22,320,-1,-1,447,,,,,,,,,,1,,,,,,,,,
dan_1_02_222&223_18/22,321,-1,-1,443,447,,,,,,,,,1,1,,,,,,,,
dan_1_02_102_20/30,322,-1,-1,452,,,,,,,,,,1,,,,,,,,,
dan_1_02_112_20/30,323,-1,-1,453,,,,,,,,,,1,,,,,,,,,
dan_1_02_2_20/30,324,-1,-1,450,,,,,,,,,,1,,,,,,,,,
dan_1_02_34_20/30,325,-1,-1,451,,,,,,,,,,1,,,,,,,,,
dan_1_02_s4,326,-1,-1,452,451,453,450,,,,,,,1,1,1,1,,,,,,
dan_2_03_21_1,328,-1,-1,455,,,,,,,,,,1,,,,,,,,,
dan_2_03_21_25/28,329,-1,-1,456,,,,,,,,,,1,,,,,,,,,
dan_2_03_22_1,330,-1,-1,457,,,,,,,,,,1,,,,,,,,,
dan_2_03_22_28/30,331,-1,-1,458,,,,,,,,,,1,,,,,,,,,
dan_2_03_21_25/28&22_28/30,332,-1,-1,456,458,,,,,,,,,5,1,,,,,,,,
dan_2_01_183_1,333,-1,-1,459,,,,,,,,,,1,,,,,,,,,
dan_2_01_183_10/13,334,-1,-1,460,,,,,,,,,,1,,,,,,,,,
dan_2_01_183_12/15,335,-1,-1,461,,,,,,,,,,1,,,,,,,,,
dan_2_01_184_1,336,-1,-1,462,,,,,,,,,,1,,,,,,,,,
dan_2_01_184_10/13,337,-1,-1,463,,,,,,,,,,1,,,,,,,,,
dan_2_01_184_12/15,338,-1,-1,464,,,,,,,,,,1,,,,,,,,,
dan_2_01_183&184_10/13,339,-1,-1,460,463,,,,,,,,,1,1,,,,,,,,
dan_2_01_183&184_12/15,340,-1,-1,461,464,,,,,,,,,1,1,,,,,,,,
dan_2_04_172_1,341,-1,-1,465,,,,,,,,,,1,,,,,,,,,
dan_2_04_172_10/13,342,-1,-1,466,,,,,,,,,,1,,,,,,,,,
dan_2_04_172_12/14,343,-1,-1,467,,,,,,,,,,1,,,,,,,,,
dan_2_04_172_13/15,344,-1,-1,468,,,,,,,,,,1,,,,,,,,,
dan_2_04_333_1,345,-1,-1,469,,,,,,,,,,1,,,,,,,,,
dan_2_04_333_10/13,346,-1,-1,470,,,,,,,,,,1,,,,,,,,,
dan_2_04_333_12/14,347,-1,-1,471,,,,,,,,,,1,,,,,,,,,
dan_2_04_333_13/15,348,-1,-1,472,,,,,,,,,,1,,,,,,,,,
jal_s_ban,349,-1,-1,473,474,,,,,,,,,10,1,,,,,,,,
sai_n_thi,350,-1,-1,485,486,,,,,,,,,10,1,,,,,,,,
dan_1_11_thi_45/47&p1,351,-1,-1,496,487,,,,,,,,,1,1,,,,,,,,
dan_1_11_thi_45/47&p2,352,-1,-1,496,490,,,,,,,,,1,1,,,,,,,,
dan_1_11_thi_45/47&p3,353,-1,-1,496,493,,,,,,,,,1,1,,,,,,,,
dan_1_11_thi_46/48&p1,354,-1,-1,497,488,,,,,,,,,1,1,,,,,,,,
dan_1_11_thi_46/48&p2,355,-1,-1,497,491,,,,,,,,,1,1,,,,,,,,
dan_1_11_thi_46/48&p3,356,-1,-1,497,494,,,,,,,,,1,1,,,,,,,,
dan_1_11_thi_47/49&p1,357,-1,-1,498,489,,,,,,,,,1,1,,,,,,,,
dan_1_11_thi_47/49&p2,358,-1,-1,498,492,,,,,,,,,1,1,,,,,,,,
dan_1_11_thi_47/49&p3,359,-1,-1,498,495,,,,,,,,,1,1,,,,,,,,
dan_1_10_53_1,360,-1,-1,499,,,,,,,,,,1,,,,,,,,,
dan_1_10_53_10/13,361,-1,-1,500,,,,,,,,,,1,,,,,,,,,
dan_1_10_53_12/14,362,-1,-1,501,,,,,,,,,,1,,,,,,,,,
dan_1_10_54_1,363,-1,-1,502,,,,,,,,,,1,,,,,,,,,
dan_1_10_54_11/13,364,-1,-1,503,,,,,,,,,,1,,,,,,,,,
dan_1_10_54_13/15,365,-1,-1,504,,,,,,,,,,1,,,,,,,,,
dan_1_10_53_10/13&54_11/13,366,-1,-1,500,503,,,,,,,,,1,1,,,,,,,,
dan_1_10_53_12/14&54_13/15,367,-1,-1,501,504,,,,,,,,,1,1,,,,,,,,
dan_1_06_81_1,368,-1,-1,505,,,,,,,,,,1,,,,,,,,,
dan_1_06_81_10/11,369,-1,-1,506,,,,,,,,,,1,,,,,,,,,
dan_1_06_81_12/13,370,-1,-1,507,,,,,,,,,,1,,,,,,,,,
dan_1_06_81_14/15,371,-1,-1,508,,,,,,,,,,1,,,,,,,,,
dan_1_06_82_1,372,-1,-1,509,,,,,,,,,,1,,,,,,,,,
dan_1_06_82_10/11,373,-1,-1,510,,,,,,,,,,1,,,,,,,,,
dan_1_06_82_12/13,374,-1,-1,511,,,,,,,,,,1,,,,,,,,,
dan_1_06_82_14/15,375,-1,-1,512,,,,,,,,,,1,,,,,,,,,
dan_1_06_81&82_10/11,376,-1,-1,506,510,,,,,,,,,1,1,,,,,,,,
dan_1_06_81&82_12/13,377,-1,-1,507,511,,,,,,,,,1,1,,,,,,,,
dan_1_06_81&82_14/15,378,-1,-1,508,512,,,,,,,,,1,1,,,,,,,,
dan_1_07_332_1,379,-1,-1,523,,,,,,,,,,1,,,,,,,,,
dan_1_07_332_25/28,380,-1,-1,524,,,,,,,,,,1,,,,,,,,,
dan_1_07_332_27/30,381,-1,-1,525,,,,,,,,,,1,,,,,,,,,
dan_1_07_83_1,382,-1,-1,520,,,,,,,,,,1,,,,,,,,,
dan_1_07_83_25/28,383,-1,-1,521,,,,,,,,,,1,,,,,,,,,
dan_1_07_83_27/30,384,-1,-1,522,,,,,,,,,,1,,,,,,,,,
dan_1_04_44_1,385,-1,-1,530,,,,,,,,,,1,,,,,,,,,
dan_1_04_44_30/31,386,-1,-1,531,,,,,,,,,,1,,,,,,,,,
dan_1_04_44_32/33,387,-1,-1,532,,,,,,,,,,,,,,,,,,,
dan_1_04_44_34/35,388,-1,-1,533,,,,,,,,,,1,,,,,,,,,
dan_1_04_174_1,389,-1,-1,534,,,,,,,,,,1,,,,,,,,,
dan_1_04_174_30/31,390,-1,-1,535,,,,,,,,,,1,,,,,,,,,
dan_1_04_174_32/33,391,-1,-1,536,,,,,,,,,,1,,,,,,,,,
dan_1_04_174_34/35,392,-1,-1,537,,,,,,,,,,1,,,,,,,,,
fooba,393,2447,-1,538,,,,,,,,,,1,,,,,,,,,
katrenu,394,2456,-1,539,,,,,,,,,,1,,,,,,,,,
dan_2_08_331_25/26,395,-1,-1,540,,,,,,,,,,1,,,,,,,,,
dan_2_08_331_27/28,396,-1,-1,541,,,,,,,,,,1,,,,,,,,,
dan_2_08_332_26/27,397,-1,-1,542,,,,,,,,,,1,,,,,,,,,
dan_2_08_332_28/29,398,-1,-1,543,,,,,,,,,,1,,,,,,,,,
dan_2_08_333_27/28,399,-1,-1,544,,,,,,,,,,1,,,,,,,,,
dan_2_08_333_29/30,400,-1,-1,545,,,,,,,,,,1,,,,,,,,,
dan_2_08_all,403,-1,-1,540,541,542,543,544,545,,,,,10,10,10,10,10,10,,,,
疾速之龙,404,2505,-1,562,545,,,,,,,,,1,1,,,,,,,,
刚气之龙,405,2505,-1,560,543,,,,,,,,,1,1,,,,,,,,
刚格之龙,406,2505,-1,559,541,,,,,,,,,1,1,,,,,,,,
木,407,-1,-1,563,,,,,,,,,,1,,,,,,,,,
一级矿石,408,2475,-1,581,584,,,,,,,,,10,1,,,,,,,,
特级矿石,409,2476,-1,582,584,,,,,,,,,10,1,,,,,,,,
超特级矿石,410,2477,-1,583,584,,,,,,,,,10,1,,,,,,,,
一级矿石小偷,411,2469,-1,584,,,,,,,,,,1,,,,,,,,,
特级矿石小偷,412,2470,-1,584,,,,,,,,,,1,,,,,,,,,
超特级矿石小偷,413,2471,-1,584,,,,,,,,,,1,,,,,,,,,
木,414,2478,-1,563,,,,,,,,,,1,,,,,,,,,
dan_2_05_43_1,415,-1,-1,726,,,,,,,,,,1,,,,,,,,,
dan_2_05_43_13/15,416,-1,-1,727,,,,,,,,,,1,,,,,,,,,
dan_2_05_43_15/17,417,-1,-1,728,,,,,,,,,,1,,,,,,,,,
dan_2_05_43_17/19,418,-1,-1,729,,,,,,,,,,1,,,,,,,,,
dan_2_05_62_10/12,419,-1,-1,723,,,,,,,,,,1,,,,,,,,,
dan_2_05_62_12/14,420,-1,-1,724,,,,,,,,,,1,,,,,,,,,
dan_2_05_62_14/16,421,-1,-1,725,,,,,,,,,,1,,,,,,,,,
米金恩斯基,422,2464,-1,731,1073,,,,,,,,,1,1,,,,,,,,
dan_2_06_ban,423,-1,-1,732,733,734,735,736,737,738,,,,1,1,1,1,1,1,1,,,
SBC_1/12/13,424,-1,-1,945,946,964,,,,,,,,2,1,1,,,,,,,
SBC_14/15/16,425,-1,-1,947,948,965,,,,,,,,2,1,1,,,,,,,
SBC_17/18,426,-1,-1,949,950,966,,,,,,,,2,1,1,,,,,,,
JBA_1/2/3/4/5,427,-1,-1,951,952,967,,,,,,,,2,1,1,,,,,,,
JBA_6/7/8,428,-1,-1,953,954,968,,,,,,,,2,1,1,,,,,,,
JBA_9/10,429,-1,-1,955,956,969,,,,,,,,2,1,1,,,,,,,
强恩三人组,430,-1,-1,958,959,960,,,,,,,,1,1,1,,,,,,,
dan_1_11_thi_45/48,431,-1,-1,497,498,496,,,,,,,,1,1,1,,,,,,,
gil_s_141_1,432,-1,-1,976,,,,,,,,,,1,,,,,,,,,
gil_s_141_40/42,433,-1,-1,977,,,,,,,,,,1,,,,,,,,,
gil_s_141_41/43,434,-1,-1,978,,,,,,,,,,1,,,,,,,,,
gil_s_193_1,435,-1,-1,973,,,,,,,,,,1,,,,,,,,,
gil_s_193_40/42,436,-1,-1,974,,,,,,,,,,1,,,,,,,,,
gil_s_193_41/43,437,-1,-1,975,,,,,,,,,,1,,,,,,,,,
gil_s_93_1,438,-1,-1,979,,,,,,,,,,1,,,,,,,,,
gil_s_93_43/45,439,-1,-1,980,,,,,,,,,,1,,,,,,,,,
gil_s_95_1,440,-1,-1,981,,,,,,,,,,1,,,,,,,,,
gil_s_95_43/45,441,-1,-1,982,,,,,,,,,,1,,,,,,,,,
gil_s_93&95_43/45,442,-1,-1,980,982,,,,,,,,,1,1,,,,,,,,
gil_n_92_1,443,-1,-1,983,,,,,,,,,,1,,,,,,,,,
gil_n_92_45/47,444,-1,-1,984,,,,,,,,,,1,,,,,,,,,
gil_n_94_1,445,-1,-1,985,,,,,,,,,,1,,,,,,,,,
gil_n_94_44_46,446,-1,-1,986,,,,,,,,,,1,,,,,,,,,
gil_n_92&94_45/47,447,-1,-1,984,986,,,,,,,,,1,1,,,,,,,,
gil_n_263_1,448,-1,-1,987,,,,,,,,,,1,,,,,,,,,
gil_n_263_48/50,449,-1,-1,988,,,,,,,,,,1,,,,,,,,,
gil_n_264_1,450,-1,-1,989,,,,,,,,,,1,,,,,,,,,
gil_n_264_48/50,451,-1,-1,990,,,,,,,,,,1,,,,,,,,,
gil_n_263&264_48/50,452,-1,-1,988,990,,,,,,,,,1,1,,,,,,,,
dan_3_12_142_1,454,-1,-1,991,,,,,,,,,,1,,,,,,,,,
dan_3_12_142_40/42,455,-1,-1,992,,,,,,,,,,1,,,,,,,,,
dan_3_12_142_43/45,456,-1,-1,993,,,,,,,,,,1,,,,,,,,,
dan_3_12_144_1,457,-1,-1,994,,,,,,,,,,1,,,,,,,,,
dan_3_12_144_40/42,458,-1,-1,995,,,,,,,,,,1,,,,,,,,,
dan_3_12_142&144_40/42,459,-1,-1,992,995,,,,,,,,,1,1,,,,,,,,
dan_3_12_142&144_43/45,460,-1,-1,993,996,,,,,,,,,1,1,,,,,,,,
dan_3_12_144_43/45,461,-1,-1,996,,,,,,,,,,1,,,,,,,,,
gil_s_71_1,462,-1,-1,997,,,,,,,,,,1,,,,,,,,,
gil_s_71_41/43,463,-1,-1,998,,,,,,,,,,1,,,,,,,,,
gil_s_73_1,464,-1,-1,999,,,,,,,,,,1,,,,,,,,,
gil_s_73_41/43,465,-1,-1,1000,,,,,,,,,,1,,,,,,,,,
gil_s_71&73_41/43,466,-1,-1,998,1000,,,,,,,,,1,1,,,,,,,,
dan_3_13&15_221_35/36,467,-1,-1,1005,,,,,,,,,,1,,,,,,,,,
dan_3_13&15_222_35/38,468,-1,-1,1006,,,,,,,,,,1,,,,,,,,,
dan_3_13&15_223_35/38,469,-1,-1,1007,,,,,,,,,,1,,,,,,,,,
dan_3_13&15_224_35/38,470,-1,-1,1008,,,,,,,,,,1,,,,,,,,,
dan_3_13&15_22all_35/36,471,-1,-1,1005,1006,1007,1008,,,,,,,1,1,1,1,,,,,,
dan_3_14_242_1,472,-1,-1,1009,,,,,,,,,,1,,,,,,,,,
dan_3_14_242_38/40,473,-1,-1,1010,,,,,,,,,,1,,,,,,,,,
dan_3_14_243_38/40,475,-1,-1,1011,,,,,,,,,,1,,,,,,,,,
dan_3_14_242&243_38/40,477,-1,-1,1010,1011,,,,,,,,,1,1,,,,,,,,
dan_3_17_11_50/52,478,-1,-1,1016,,,,,,,,,,1,,,,,,,,,
dan_3_17_11_52/54,479,-1,-1,1017,,,,,,,,,,1,,,,,,,,,
dan_3_17_11_54/56,480,-1,-1,1018,,,,,,,,,,1,,,,,,,,,
dan_3_17_13_51/53,481,-1,-1,1019,,,,,,,,,,1,,,,,,,,,
dan_3_17_13_53/55,482,-1,-1,1020,,,,,,,,,,1,,,,,,,,,
dan_3_17_13_55/57,483,-1,-1,1021,,,,,,,,,,1,,,,,,,,,
dan_3_17_14_52/54,484,-1,-1,1022,,,,,,,,,,1,,,,,,,,,
dan_3_17_14_54/56,485,-1,-1,1023,,,,,,,,,,1,,,,,,,,,
dan_3_17_14_56/58,486,-1,-1,1024,,,,,,,,,,1,,,,,,,,,
dan_3_17_50/54,487,-1,-1,1016,1019,1022,,,,,,,,1,1,1,,,,,,,
dan_3_17_52/56,488,-1,-1,1017,1020,1023,,,,,,,,1,1,1,,,,,,,
dan_3_17_54/58,489,-1,-1,1018,1021,1024,,,,,,,,1,1,1,,,,,,,
dan_3_16_62_45/47,490,-1,-1,1025,,,,,,,,,,1,,,,,,,,,
dan_3_16_62_47/50,491,-1,-1,1026,,,,,,,,,,1,,,,,,,,,
dan_3_16_63_45/48,492,-1,-1,1027,,,,,,,,,,1,,,,,,,,,
dan_3_16_63_47/50,493,-1,-1,1028,,,,,,,,,,1,,,,,,,,,
dan_3_16_64_45/48,494,-1,-1,1029,,,,,,,,,,1,,,,,,,,,
dan_3_16_64_47/50,495,-1,-1,1030,,,,,,,,,,1,,,,,,,,,
dan_3_16_6234_45/47,496,-1,-1,1025,1027,1029,,,,,,,,1,1,1,,,,,,,
dan_3_16_6234_47/50,497,-1,-1,1026,1028,1030,,,,,,,,1,1,1,,,,,,,
dan_3_18_233_1,498,-1,-1,1035,,,,,,,,,,1,,,,,,,,,
dan_3_18_233_60/63,499,-1,-1,1036,,,,,,,,,,1,,,,,,,,,
dan_3_18_301_1,500,-1,-1,1037,,,,,,,,,,1,,,,,,,,,
dan_3_18_301_60/63,501,-1,-1,1038,,,,,,,,,,1,,,,,,,,,
dan_3_18_181_50/53,502,-1,-1,1039,,,,,,,,,,1,,,,,,,,,
dan_3_18_181_53/55,503,-1,-1,1040,,,,,,,,,,1,,,,,,,,,
dan_3_18_184_50/53,504,-1,-1,1041,,,,,,,,,,1,,,,,,,,,
dan_3_18_184_53/55,505,-1,-1,1042,,,,,,,,,,1,,,,,,,,,
dan_3_18_181&184_50/53,506,-1,-1,1039,1041,,,,,,,,,1,1,,,,,,,,
dan_3_18_181&184_53/55,507,-1,-1,1040,1042,,,,,,,,,1,1,,,,,,,,
阿斯玛鲁原石,508,2536,-1,1040,1042,1043,,,,,,,,1,1,1,,,,,,,
dan_3_19_261_1,509,-1,-1,1052,,,,,,,,,,1,,,,,,,,,
dan_3_19_261_55/57,511,-1,-1,1053,,,,,,,,,,1,,,,,,,,,
dan_3_19_261_57/59,512,-1,-1,1054,,,,,,,,,,1,,,,,,,,,
dan_3_19_261_59/61,513,-1,-1,1055,,,,,,,,,,1,,,,,,,,,
dan_3_19_262_1,514,-1,-1,1056,,,,,,,,,,1,,,,,,,,,
dan_3_19_262_55/57,515,-1,-1,1057,,,,,,,,,,1,,,,,,,,,
dan_3_19_262_57/59,516,-1,-1,1058,,,,,,,,,,1,,,,,,,,,
dan_3_19_262_59/61,517,-1,-1,1059,,,,,,,,,,1,,,,,,,,,
dan_3_19_261&262_55/57,518,-1,-1,1053,1057,,,,,,,,,1,1,,,,,,,,
dan_3_19_261&262_57/59,519,-1,-1,1054,1058,,,,,,,,,1,1,,,,,,,,
dan_3_19_261&262_59/61,520,-1,-1,1055,1059,,,,,,,,,1,1,,,,,,,,
心性之镜1,521,2532,-1,1055,1059,1060,,,,,,,,1,1,1,,,,,,,
心性之镜2,522,2547,-1,1055,1059,1060,,,,,,,,1,1,1,,,,,,,
400_291_36/38,523,-1,-1,1061,,,,,,,,,,1,,,,,,,,,
400_292_36/38,524,-1,-1,1062,,,,,,,,,,1,,,,,,,,,
400_293_36/38,525,-1,-1,1063,,,,,,,,,,1,,,,,,,,,
400_294_36/38,526,-1,-1,1064,,,,,,,,,,1,,,,,,,,,
400_29all_36/38,527,-1,-1,1061,1062,1063,1064,,,,,,,1,1,1,1,,,,,,
400_253_1,528,-1,-1,1065,,,,,,,,,,1,,,,,,,,,
400_253_40/45,529,-1,-1,1066,,,,,,,,,,1,,,,,,,,,
dan_3_02_172_46/48,530,-1,-1,1067,,,,,,,,,,1,,,,,,,,,
dan_3_02_174_46/48,531,-1,-1,1068,,,,,,,,,,1,,,,,,,,,
dan_3_02_172&174_46/48,532,-1,-1,1067,1068,,,,,,,,,1,1,,,,,,,,
dan_3_01_41_44/46,533,-1,-1,1069,,,,,,,,,,1,,,,,,,,,
dan_3_01_42_44/46,534,-1,-1,1070,,,,,,,,,,1,,,,,,,,,
dan_3_01_43_44/46,535,-1,-1,1071,,,,,,,,,,1,,,,,,,,,
dan_3_01_44_44/46,536,-1,-1,1072,,,,,,,,,,1,,,,,,,,,
dan_3_01_4all_44/46,537,-1,-1,1069,1070,1071,1072,,,,,,,1,1,1,1,,,,,,
曼模竿,539,2481,-1,1074,,,,,,,,,,1,,,,,,,,,
特沙金竿,540,2481,-1,1075,,,,,,,,,,1,,,,,,,,,
卡库尔竿,541,2481,-1,1076,,,,,,,,,,1,,,,,,,,,
材料克克洛斯,542,2596,-1,1077,1084,1085,,,,,,,,3,1,1,,,,,,,
dan_2_09_291_23/30,543,-1,-1,1084,,,,,,,,,,1,,,,,,,,,
dan_2_09_294_23/30,544,-1,-1,1085,,,,,,,,,,1,,,,,,,,,
dan_2_09_291&294_23/30,545,-1,-1,1084,1085,,,,,,,,,1,1,,,,,,,,
材料特里诺布斯,546,2595,-1,1078,1082,1083,,,,,,,,3,1,1,,,,,,,
dan_2_09_212_15/22,547,-1,-1,1082,,,,,,,,,,1,,,,,,,,,
dan_2_09_213_15/22,548,-1,-1,1083,,,,,,,,,,1,,,,,,,,,
dan_2_09_212&213_15/22,549,-1,-1,1082,1083,,,,,,,,,1,1,,,,,,,,
材料龟之盾,550,2594,-1,1079,1080,1081,,,,,,,,3,1,1,,,,,,,
dan_2_09_52_10/19,551,-1,-1,1080,,,,,,,,,,1,,,,,,,,,
dan_2_09_53_10/19,552,-1,-1,1081,,,,,,,,,,1,,,,,,,,,
dan_2_09_52&53_10/19,553,-1,-1,1080,1081,,,,,,,,,1,1,,,,,,,,
dan_4_01_111_40/42,554,-1,-1,1089,,,,,,,,,,1,,,,,,,,,
dan_4_01_63_40/42,555,-1,-1,1090,,,,,,,,,,1,,,,,,,,,
dan_4_01_74_40/42,556,-1,-1,1091,,,,,,,,,,1,,,,,,,,,
dan_4_01_65_1,557,-1,-1,1092,,,,,,,,,,1,,,,,,,,,
dan_4_01_65_40/42,558,-1,-1,1093,,,,,,,,,,1,,,,,,,,,
dan_4_01_114_40/42,559,-1,-1,1094,,,,,,,,,,1,,,,,,,,,
dan_4_01_72_40/42,561,-1,-1,1088,,,,,,,,,,1,,,,,,,,,
冒险者,563,-1,-1,1098,1099,1100,1101,,,,,,,10,10,10,10,,,,,,
旅人,564,-1,-1,1102,1103,1104,1105,,,,,,,10,10,10,10,,,,,,
迷_172_30/40,565,-1,-1,1107,,,,,,,,,,1,,,,,,,,,
迷_175_30/40,566,-1,-1,1108,,,,,,,,,,1,,,,,,,,,
迷_172&175_30/40,567,-1,-1,1107,1108,,,,,,,,,1,1,,,,,,,,
迷_迷路的小孩子,568,-1,-1,1109,1110,,,,,,,,,1,1,,,,,,,,
迷_盗贼,569,-1,-1,1111,1112,1113,,,,,,,,1,1,1,,,,,,,
迷_山贼,570,-1,-1,1114,1115,1116,,,,,,,,1,1,1,,,,,,,
dan_2_10_52_53/54,571,-1,-1,1118,,,,,,,,,,1,,,,,,,,,
dan_2_10_101_53/54,572,-1,-1,1119,,,,,,,,,,1,,,,,,,,,
dan_2_10_52_54/55,573,-1,-1,1120,,,,,,,,,,1,,,,,,,,,
dan_2_10_101_54/55,574,-1,-1,1121,,,,,,,,,,1,,,,,,,,,
dan_2_10_52_55/56,575,-1,-1,1122,,,,,,,,,,1,,,,,,,,,
dan_2_10_101_55/56,576,-1,-1,1123,,,,,,,,,,1,,,,,,,,,
dan_2_10_52&101_55/56,577,-1,-1,1122,1123,,,,,,,,,1,1,,,,,,,,
dan_2_10_63_56/57,578,-1,-1,1124,,,,,,,,,,1,,,,,,,,,
dan_2_10_213_56/57,579,-1,-1,1125,,,,,,,,,,1,,,,,,,,,
dan_2_10_63_57/58,580,-1,-1,1126,,,,,,,,,,1,,,,,,,,,
dan_2_10_213_57/58,581,-1,-1,1127,,,,,,,,,,1,,,,,,,,,
dan_2_10_63_58/59,582,-1,-1,1128,,,,,,,,,,1,,,,,,,,,
dan_2_10_213_58/59,583,-1,-1,1129,,,,,,,,,,1,,,,,,,,,
dan_2_10_63&213_58/59,584,-1,-1,1128,1129,,,,,,,,,1,1,,,,,,,,
dan_2_10_42_59/60,585,-1,-1,1130,,,,,,,,,,1,,,,,,,,,
dan_2_10_184_59/60,586,-1,-1,1131,,,,,,,,,,1,,,,,,,,,
dan_2_10_42_60/61,587,-1,-1,1132,,,,,,,,,,1,,,,,,,,,
dan_2_10_184_60/61,588,-1,-1,1133,,,,,,,,,,1,,,,,,,,,
dan_2_10_42_61/62,589,-1,-1,1134,,,,,,,,,,1,,,,,,,,,
dan_2_10_184_61/62,590,-1,-1,1135,,,,,,,,,,1,,,,,,,,,
dan_2_10_42&184_61/62,591,-1,-1,1134,1135,,,,,,,,,1,1,,,,,,,,
dan_2_10_84_1,592,-1,-1,1136,1137,,,,,,,,,1,1,,,,,,,,
dan_2_10_84_62/63,593,-1,-1,1137,,,,,,,,,,1,,,,,,,,,
dan_2_10_91_1,594,-1,-1,1138,1139,,,,,,,,,1,1,,,,,,,,
dan_2_10_91_62/63,595,-1,-1,1139,,,,,,,,,,1,,,,,,,,,
dan_2_10_84_63/64,596,-1,-1,1140,,,,,,,,,,1,,,,,,,,,
dan_2_10_91_63/64,597,-1,-1,1141,,,,,,,,,,1,,,,,,,,,
dan_2_10_84_64/65,598,-1,-1,1142,,,,,,,,,,1,,,,,,,,,
dan_2_10_91_64/65,599,-1,-1,1143,,,,,,,,,,1,,,,,,,,,
dan_2_10_84_65/66,600,-1,-1,1144,,,,,,,,,,1,,,,,,,,,
dan_2_10_91_65/66,601,-1,-1,1145,,,,,,,,,,1,,,,,,,,,
dan_2_10_84&91_65/66,602,-1,-1,1144,1145,,,,,,,,,1,1,,,,,,,,
钢锁＆金锁,603,-1,13023,253,254,440,441,,,,,,,1,1,1,1,,,,,,
逃走鲁尼帖斯,605,-1,2698,1120,1121,1146,,,,,,,,1,1,1,,,,,,,
迷_175_1&30/40,606,-1,-1,1108,1169,,,,,,,,,1,1,,,,,,,,
狩猎场,607,-1,,1170,,,,,,,,,,1,,,,,,,,,
狩猎场,608,-1,-1,1170,1171,1172,1173,1174,,,,,,3,4,2,2,1,,,,,
dan_3_05_54_55/57,609,-1,-1,1175,,,,,,,,,,1,,,,,,,,,
dan_3_05_54_56/58,610,-1,-1,1176,,,,,,,,,,1,,,,,,,,,
dan_3_05_222_55/57,611,-1,-1,1177,,,,,,,,,,1,,,,,,,,,
dan_3_05_222_56/58,612,-1,-1,1178,,,,,,,,,,1,,,,,,,,,
dan_3_05_323_55/57,613,-1,-1,1179,,,,,,,,,,1,,,,,,,,,
dan_3_05_323_56/58,614,-1,-1,1180,,,,,,,,,,1,,,,,,,,,
dan_3_05_all_55/57,615,-1,-1,1175,1177,1179,,,,,,,,2,2,1,,,,,,,
dan_3_05_all_56/58,616,-1,-1,1176,1178,1180,,,,,,,,2,2,1,,,,,,,
dan_3_04_72_51/52,617,-1,-1,1181,,,,,,,,,,1,,,,,,,,,
dan_3_04_72_53/54,618,-1,-1,1182,,,,,,,,,,1,,,,,,,,,
dan_3_04_72_55/56,619,-1,-1,1183,,,,,,,,,,1,,,,,,,,,
dan_3_04_74_51/52,620,-1,-1,1184,,,,,,,,,,1,,,,,,,,,
dan_3_04_74_53/54,621,-1,-1,1185,,,,,,,,,,1,,,,,,,,,
dan_3_04_74_55/56,622,-1,-1,1186,,,,,,,,,,1,,,,,,,,,
dan_3_04_72&74_51/52,623,-1,-1,1181,1184,,,,,,,,,1,1,,,,,,,,
dan_3_04_72&74_53/54,624,-1,-1,1182,1185,,,,,,,,,1,1,,,,,,,,
dan_3_04_72&74_55/56,625,-1,-1,1183,1186,,,,,,,,,1,1,,,,,,,,
gil_n_91_51/53,626,-1,-1,1187,,,,,,,,,,1,,,,,,,,,
gil_n_143_1,627,-1,-1,1188,1189,,,,,,,,,1,1,,,,,,,,
gil_n_143_52/54,628,-1,-1,1189,,,,,,,,,,1,,,,,,,,,
dan_3_0_53_56/57,629,-1,-1,1190,,,,,,,,,,1,,,,,,,,,
dan_3_0_111_56/57,630,-1,-1,1191,,,,,,,,,,1,,,,,,,,,
dan_3_0_334_56/57,631,-1,-1,1194,,,,,,,,,,1,,,,,,,,,
dan_3_0_53_57/58,632,-1,-1,1195,,,,,,,,,,1,,,,,,,,,
dan_3_0_111_57/58,633,-1,-1,1196,,,,,,,,,,1,,,,,,,,,
dan_3_0_334_57/58,634,-1,-1,1197,,,,,,,,,,1,,,,,,,,,
dan_3_0_53_58/59,635,-1,-1,1198,,,,,,,,,,1,,,,,,,,,
dan_3_0_111_58/59,636,-1,-1,1199,,,,,,,,,,1,,,,,,,,,
dan_3_0_334_58/59,637,-1,-1,1200,,,,,,,,,,1,,,,,,,,,
dan_3_0_53&111&334_58/59,638,-1,-1,1198,1199,1200,,,,,,,,1,1,1,,,,,,,
dan_3_0_21_59/60,639,-1,-1,1201,,,,,,,,,,1,,,,,,,,,
dan_3_0_44_59/60,640,-1,-1,1202,,,,,,,,,,1,,,,,,,,,
dan_3_0_61_59/60,641,-1,-1,1204,,,,,,,,,,1,,,,,,,,,
dan_3_0_21_60/61,642,-1,-1,1205,,,,,,,,,,1,,,,,,,,,
dan_3_0_44_60/61,643,-1,-1,1206,,,,,,,,,,1,,,,,,,,,
dan_3_0_61_60/61,644,-1,-1,1207,,,,,,,,,,1,,,,,,,,,
dan_3_0_21_61/62,645,-1,-1,1208,,,,,,,,,,1,,,,,,,,,
dan_3_0_44_61/62,646,-1,-1,1209,,,,,,,,,,1,,,,,,,,,
dan_3_0_61_61/62,647,-1,-1,1210,,,,,,,,,,1,,,,,,,,,
dan_3_0_21&44&61_61/62,648,-1,-1,1208,1209,1210,,,,,,,,1,1,1,,,,,,,
dan_3_0_61_1,649,-1,-1,1208,1209,1210,1203,,,,,,,1,1,1,1,,,,,,
dan_3_0_71_62/63,650,-1,-1,1211,,,,,,,,,,1,,,,,,,,,
dan_3_0_174_62/63,651,-1,-1,1212,,,,,,,,,,1,,,,,,,,,
dan_3_0_193_62/63,652,-1,-1,1213,,,,,,,,,,1,,,,,,,,,
dan_3_0_71_63/64,654,-1,-1,1214,,,,,,,,,,1,,,,,,,,,
dan_3_0_174_63/64,655,-1,-1,1215,,,,,,,,,,1,,,,,,,,,
dan_3_0_193_63/64,656,-1,-1,1216,,,,,,,,,,1,,,,,,,,,
dan_3_0_71&174&193_63/64,657,-1,-1,1214,1215,1216,,,,,,,,1,1,1,,,,,,,
dan_2_03_21_51/55,658,-1,-1,1217,,,,,,,,,,1,,,,,,,,,
dan_2_03_22_51/55,659,-1,-1,1218,,,,,,,,,,1,,,,,,,,,
dan_2_03_23_51/55,660,-1,-1,1219,,,,,,,,,,1,,,,,,,,,
dan_2_03_24_51/55,661,-1,-1,1220,,,,,,,,,,1,,,,,,,,,
dan_2_03_21_53/57,663,-1,-1,1221,,,,,,,,,,1,,,,,,,,,
dan_2_03_22_53/57,664,-1,-1,1222,,,,,,,,,,1,,,,,,,,,
dan_2_03_23_53/57,665,-1,-1,1223,,,,,,,,,,1,,,,,,,,,
dan_2_03_24_53/57,666,-1,-1,1224,,,,,,,,,,1,,,,,,,,,
dan_2_03_21_55/59,667,-1,-1,1225,,,,,,,,,,1,,,,,,,,,
dan_2_03_22_55/59,668,-1,-1,1226,,,,,,,,,,1,,,,,,,,,
dan_2_03_23_55/59,669,-1,-1,1227,,,,,,,,,,1,,,,,,,,,
dan_2_03_24_55/59,670,-1,-1,1228,,,,,,,,,,1,,,,,,,,,
dan_2_03_23_1,671,-1,-1,1230,1225,1226,1227,1228,,,,,,1,1,1,2,1,,,,,
dan_2_03_24_1,672,-1,-1,1231,1225,1226,1227,1228,,,,,,1,1,1,1,2,,,,,
dan_2_03_all_51/55,673,-1,-1,1217,1218,1219,1220,,,,,,,1,1,1,1,,,,,,
dan_2_03_all_53/57,674,-1,-1,1221,1222,1223,1224,,,,,,,1,1,1,1,,,,,,
dan_2_03_all_55/59,675,-1,-1,1225,1226,1227,1228,,,,,,,1,1,1,1,,,,,,
dan_1_12_31_54/55,676,-1,-1,1248,,,,,,,,,,1,,,,,,,,,
dan_1_12_31_55/56,677,-1,-1,1249,,,,,,,,,,1,,,,,,,,,
dan_1_12_65_54/55,678,-1,-1,1250,,,,,,,,,,1,,,,,,,,,
dan_1_12_65_55/56,679,-1,-1,1251,,,,,,,,,,1,,,,,,,,,
dan_1_12_31&65_54/55,680,-1,-1,1248,1250,,,,,,,,,1,1,,,,,,,,
dan_1_12_31&65_55/56,681,-1,-1,1249,1251,,,,,,,,,1,1,,,,,,,,
dan_1_12_24_55/56,682,-1,-1,1252,,,,,,,,,,1,,,,,,,,,
dan_1_12_24_56/57,683,-1,-1,1253,,,,,,,,,,1,,,,,,,,,
dan_1_12_24_57/58,684,-1,-1,1254,,,,,,,,,,1,,,,,,,,,
dan_1_12_51_55/56,685,-1,-1,1255,,,,,,,,,,1,,,,,,,,,
dan_1_12_51_56/57,686,-1,-1,1256,,,,,,,,,,1,,,,,,,,,
dan_1_12_51_57/58,687,-1,-1,1257,,,,,,,,,,1,,,,,,,,,
dan_1_12_24&51_56/57,688,-1,-1,1253,1256,,,,,,,,,1,1,,,,,,,,
dan_1_12_24&51_57/58,689,-1,-1,1254,1257,,,,,,,,,1,1,,,,,,,,
dan_1_12_23_57/60,690,-1,-1,1258,,,,,,,,,,1,,,,,,,,,
dan_1_12_23_59/62,691,-1,-1,1259,,,,,,,,,,1,,,,,,,,,
dan_1_12_23_61/63,692,-1,-1,1260,,,,,,,,,,1,,,,,,,,,
dan_1_12_114_57/60,693,-1,-1,1261,,,,,,,,,,1,,,,,,,,,
dan_1_12_114_59/62,694,-1,-1,1262,,,,,,,,,,1,,,,,,,,,
dan_1_12_114_61/63,695,-1,-1,1263,,,,,,,,,,1,,,,,,,,,
dan_1_12_292_57/60,696,-1,-1,1264,,,,,,,,,,1,,,,,,,,,
dan_1_12_292_59/62,697,-1,-1,1265,,,,,,,,,,1,,,,,,,,,
dan_1_12_292_61/63,698,-1,-1,1266,,,,,,,,,,1,,,,,,,,,
dan_1_12_23&114&292_57/60,699,-1,-1,1258,1261,1264,,,,,,,,1,1,1,,,,,,,
dan_1_12_23&114&292_59/62,700,-1,-1,1259,1262,1265,,,,,,,,1,1,1,,,,,,,
dan_1_12_23&114&292_61/63,701,-1,-1,1260,1263,1266,,,,,,,,1,1,1,,,,,,,
dan_1_12_183_62/64,702,-1,-1,1267,,,,,,,,,,1,,,,,,,,,
dan_1_12_183_64/66,703,-1,-1,1268,,,,,,,,,,1,,,,,,,,,
dan_1_12_192_62/64,704,-1,-1,1269,,,,,,,,,,1,,,,,,,,,
dan_1_12_192_64/66,705,-1,-1,1270,,,,,,,,,,1,,,,,,,,,
dan_1_12_183&192_62/64,706,-1,-1,1267,1269,,,,,,,,,1,1,,,,,,,,
dan_1_12_183&192_64/66,707,-1,-1,1268,1270,,,,,,,,,1,1,,,,,,,,
初级问题,708,-1,-1,1287,1288,1289,1290,1291,1292,,,,,1,1,1,1,1,1,,,,
中级问题,709,-1,-1,1293,1294,1295,1296,1297,1298,,,,,1,1,1,1,1,1,,,,
高级问题,710,-1,-1,1299,1300,1301,1302,1303,1304,,,,,1,1,1,1,1,1,,,,
宝珠地,711,2764,2760,1305,1309,1310,,,,,,,,1,1,1,,,,,,,
宝珠水,712,2764,2761,1306,1311,,,,,,,,,1,1,,,,,,,,
宝珠风,713,2764,2763,1307,1314,1315,1316,1317,,,,,,1,1,1,1,1,,,,,
宝珠火,714,2764,2762,1308,1312,1313,,,,,,,,1,1,1,,,,,,,
dan_3_03_81&334_80/82,715,-1,-1,1318,1319,,,,,,,,,1,1,,,,,,,,
dan_3_03_141&144_82/84,716,-1,-1,1320,1321,,,,,,,,,1,1,,,,,,,,
dan_3_03_91&94_83/85,717,-1,-1,1322,1323,,,,,,,,,1,1,,,,,,,,
深蓝色石头,718,-1,-1,1322,1323,1324,,,,,,,,1,1,1,,,,,,,
dan_2_12_41&104&212_55/56,719,-1,-1,1325,1328,1331,,,,,,,,1,1,1,,,,,,,
dan_2_12_41&104&212_56/57,720,-1,-1,1326,1329,1332,,,,,,,,1,1,1,,,,,,,
dan_2_12_41&104&212_57/58,721,-1,-1,1327,1330,1333,,,,,,,,1,1,1,,,,,,,
dan_2_12_43&181&332_59/60,722,-1,-1,1334,1337,1340,,,,,,,,1,1,1,,,,,,,
dan_2_12_43&181&332_60/61,723,-1,-1,1335,1338,1341,,,,,,,,1,1,1,,,,,,,
dan_2_12_43&181&332_61/62,724,-1,-1,1336,1339,1342,,,,,,,,1,1,1,,,,,,,
dan_2_12_223&241&321_62/63,725,-1,-1,1343,1347,1350,,,,,,,,1,1,1,,,,,,,
dan_2_12_223&241&321_63/64,726,-1,-1,1344,1348,1351,,,,,,,,1,1,1,,,,,,,
dan_2_12_223&241&321_64/65,727,-1,-1,1345,1349,1352,,,,,,,,1,1,1,,,,,,,
dan_2_12_241_1,728,-1,-1,1345,1349,1352,1346,,,,,,,1,1,1,1,,,,,,
dan_3_07_271&273_80/81,729,-1,-1,1364,1366,2062,,,,,,,,1,1,1,,,,,,,
dan_3_07_271&273_81/82,730,-1,-1,1365,1367,2062,,,,,,,,1,1,1,,,,,,,
dan_3_07_273_1,731,-1,-1,1365,1367,1368,,,,,,,,1,1,1,,,,,,,
gil_w_26all_82/84,732,-1,-1,1369,1370,1371,1372,,,,,,,1,1,1,1,,,,,,
dan_3_20_88_85/87,733,-1,-1,1383,,,,,,,,,,1,,,,,,,,,
dan_3_20_144_85/87,734,-1,-1,1384,,,,,,,,,,1,,,,,,,,,
dan_3_20_92_85/87,735,-1,-1,1385,,,,,,,,,,1,,,,,,,,,
dan_3_20_88_1,736,-1,-1,1382,1383,,,,,,,,,1,1,,,,,,,,
dan_3_20_88_144_92_85/87,737,-1,-1,1383,1384,1385,,,,,,,,1,1,1,,,,,,,
dan_3_20_86_1,738,-1,-1,1386,1387,,,,,,,,,1,1,,,,,,,,
dan_3_20_86_88/90,739,-1,-1,1387,,,,,,,,,,1,,,,,,,,,
dan_3_20_273_88/90,740,-1,-1,1388,,,,,,,,,,1,,,,,,,,,
dan_3_20_95_88/90,741,-1,-1,1389,,,,,,,,,,1,,,,,,,,,
dan_3_20_86_273_95_88/90,742,-1,-1,1387,1388,1389,,,,,,,,1,1,1,,,,,,,
dan_3_20_87_1,743,-1,-1,1390,1391,,,,,,,,,1,1,,,,,,,,
dan_3_20_87_91/93,744,-1,-1,1391,,,,,,,,,,1,,,,,,,,,
dan_3_20_333_91/93,745,-1,-1,1392,,,,,,,,,,1,,,,,,,,,
dan_3_20_73_91/93,746,-1,-1,1393,,,,,,,,,,1,,,,,,,,,
dan_3_20_87_333_73_91/93,747,-1,-1,1391,1392,1393,,,,,,,,1,1,1,,,,,,,
dan_3_20_93_93/95,748,-1,-1,1394,,,,,,,,,,10,2,,,,,,,,
dan_3_20_325_1,749,-1,-1,1395,1396,,,,,,,,,10,10,4,,,,,,,
dan_3_20_325_93/95,750,-1,-1,1396,,,,,,,,,,10,2,,,,,,,,
dan_3_20_252_1,751,-1,-1,1397,1398,,,,,,,,,1,1,,,,,,,,
dan_3_20_252_93/95,752,-1,-1,1398,,,,,,,,,,10,2,,,,,,,,
dan_3_20_93_325_252_93/95,753,-1,-1,1394,1396,1398,,,,,,,,10,10,10,4,,,,,,
转生地水火风,754,-1,-1,1373,1374,1375,1376,,,,,,,1,1,1,1,,,,,,
蛮猪战队,755,-1,-1,1414,1415,1416,1418,1419,1420,1421,1422,1424,,,,,,,,,,,
PC团所抓（奇宝军）,756,-1,-1,1427,1431,,,,,,,,,1,1,,,,,,,,
PC团所抓昆伊军,757,-1,-1,1435,1436,1433,1434,,,,,,,1,1,1,1,,,,,,
PC团所抓邦洛洛克斯军,758,-1,-1,1438,1439,1440,1437,,,,,,,1,1,1,1,,,,,,
PC团,759,-1,-1,1441,,,,,,,,,,20,,,,,,,,,
英雄岛四周雷龙系LV90(同系),761,-1,-1,1465,1466,1467,1468,,,,,,,30,30,30,30,,,,,,
英雄岛四周雷龙系LV95(同系),762,-1,-1,1469,1470,1471,1472,,,,,,,30,30,30,30,,,,,,
英雄岛龙穴雷龙LV105(同系),763,-1,-1,1444,1446,1445,1447,,,,,,,30,30,30,30,,,,,,
英雄岛四周暴龙系LV95,764,-1,-1,1473,1474,,,,,,,,,30,30,,,,,,,,
英雄岛龙穴暴龙系LV105,765,-1,-1,1457,1458,,,,,,,,,30,30,,,,,,,,
英雄岛的加美系LV105,766,-1,-1,1462,1459,1460,1461,,,,,,,40,40,40,40,,,,,,
英雄岛的羊LV105,767,-1,-1,1464,1463,,,,,,,,,50,50,,,,,,,,
英雄岛斯天邦恩多斯LV90,768,-1,-1,1467,1468,,,,,,,,,30,30,,,,,,,,
英雄岛雷龙布洛布拉LV90,769,-1,-1,1465,1466,,,,,,,,,30,30,,,,,,,,
英雄岛斯天邦恩多斯LV95,770,-1,-1,1472,1471,,,,,,,,,30,30,,,,,,,,
英雄岛雷龙布洛布拉LV95,771,-1,-1,1469,1470,,,,,,,,,30,30,,,,,,,,
英雄岛斯天邦恩多斯LV105,772,-1,-1,1446,1447,,,,,,,,,30,30,,,,,,,,
英雄岛雷龙布洛布拉LV105,773,-1,-1,1444,1445,,,,,,,,,30,30,,,,,,,,
英雄岛可利多洛斯系LV95,774,-1,-1,1448,1449,,,,,,,,,30,30,,,,,,,,
英雄岛一级的邦恩多斯,775,-1,-1,1451,1447,,,,,,,,,2,40,,,,,,,,
卡里的爱宠,776,12636,-1,1477,1476,11,9,,,,,,,3,3,5,5,,,,,,
英雄岛一级布洛多斯,777,-1,-1,1444,1469,1557,,,,,,,,5,3,1,,,,,,,
现代英雄岛奇宝,778,-1,-1,1516,1515,,,,,,,,,5,5,,,,,,,,
英雄岛后传加格,779,-1,-1,1491,1492,1490,1489,,,,,,,5,5,5,5,,,,,,
英雄岛后传布林帖斯LV120,780,18557,-1,1488,,1512,,,,,,,,5,,5,,,,,,,
英雄岛后传史多拉奇顿,781,-1,-1,1486,1485,1484,,,,,,,,5,5,5,,,,,,,
英雄岛后传格尔顿,782,-1,-1,1493,1496,,,,,,,,,5,5,,,,,,,,
英雄岛后传阿哥亚,783,-1,-1,1497,1498,,,,,,,,,3,3,,,,,,,,
英雄岛后传拉奇鲁哥,784,-1,-1,1499,1500,1501,1502,,,,,,,3,3,3,3,,,,,,
英雄岛后传史多拉奇顿,786,-1,-1,1503,1504,1505,,,,,,,,5,5,5,,,,,,,
英雄岛后传加格,787,-1,-1,1510,1511,1509,1508,,,,,,,5,5,5,5,,,,,,
英雄岛后传加美LV120,788,18559,-1,1513,1459,,,,,,,,,1,1,,,,,,,,
英雄岛后传奥卡洛斯LV120,789,18556,-1,1514,1458,,,,,,,,,1,1,,,,,,,,
精灵王-黑蛙60,828,-1,19623,1681,,,,,,,,,,1,,,,,,,,,
精灵王-红蛙1,829,-1,-1,1682,1683,,,,,,,,,1,80,,,,,,,,
精灵王-绿人龙,830,19624,-1,1661,,,,,,,,,,1,,,,,,,,,
精灵王-蓝人龙,831,19624,-1,1662,,,,,,,,,,1,,,,,,,,,
精灵王-红人龙,832,19624,-1,1663,,,,,,,,,,1,,,,,,,,,
精灵王-黄人龙,833,19624,-1,1664,,,,,,,,,,,,,,,,,,,
精灵王-白空手地灵70,834,-1,-1,1665,,,,,,,,,,1,,,,,,,,,
精灵王-白空手水灵70,835,-1,-1,1666,,,,,,,,,,1,,,,,,,,,
精灵王-白空手火灵70,836,-1,-1,1667,,,,,,,,,,1,,,,,,,,,
精灵王-白空手风灵70,837,-1,-1,1668,,,,,,,,,,1,,,,,,,,,
精灵王-白空手地灵75,838,-1,19645,1669,,,,,,,,,,1,,,,,,,,,
精灵王-白空手水灵75,839,-1,19645,1670,,,,,,,,,,1,,,,,,,,,
精灵王-白空手火灵75,840,-1,19645,1671,,,,,,,,,,1,,,,,,,,,
精灵王-白空手风灵75,841,-1,19645,1672,,,,,,,,,,1,,,,,,,,,
精灵王-白暴龙-地85,842,19645,-1,1673,,,,,,,,,,1,,,,,,,,,
精灵王-白暴龙-水85,843,19645,-1,1674,,,,,,,,,,1,,,,,,,,,
精灵王-白暴龙-火85,844,19645,-1,1675,,,,,,,,,,1,,,,,,,,,
精灵王-白暴龙-风85,845,19645,-1,1676,,,,,,,,,,1,,,,,,,,,
精灵王-黑-地100,846,-1,-1,1677,,,,,,,,,,1,,,,,,,,,
精灵王-黑-水110,847,-1,-1,1678,477,1701,,,,,,,,50,1,10,,,,,,,
精灵王-黑-火110,848,-1,-1,1679,1624,1703,,,,,,,,50,1,20,,,,,,,
精灵王-黑-风110,849,-1,-1,1680,,,,,,,,,,1,,,,,,,,,
伊甸第一期-init-PC盗贼60-70,851,-1,-1,1706,,,,,,,,,,10,,,,,,,,,
伊甸第一期-init-PC盗贼60-75,852,-1,-1,1706,1704,,,,,,,,,10,10,,,,,,,,
伊甸第一期-init-PC盗贼70-75,853,-1,-1,1704,,,,,,,,,,10,,,,,,,,,
伊甸-伊甸园附近--尼加斯-48-54,854,-1,-1,1707,1933,,,,,,,,,10,2,,,,,,,,
伊甸-伊甸园附近--呼鲁鲁-48-54,855,-1,-1,1708,1933,,,,,,,,,10,2,,,,,,,,
伊甸-伊甸园附近--拉奇斯斯-48-54,856,-1,-1,1709,1933,,,,,,,,,10,2,,,,,,,,
伊甸-伊甸园附近--呼鲁鲁、拉奇斯斯-48-54,857,-1,-1,1709,1708,1933,,,,,,,,10,10,4,,,,,,,
伊甸-伊甸园附近--塔斯夫-48-54,858,-1,-1,1710,1933,,,,,,,,,10,2,,,,,,,,
伊甸-伊甸园附近--尼加斯-48-54+1,859,-1,-1,1707,1581,1933,,,,,,,,10,1,2,,,,,,,
伊甸-伊甸园附近--呼鲁鲁-48-54+1,860,-1,-1,1708,1585,1933,,,,,,,,10,1,2,,,,,,,
伊甸-伊甸园附近--塔斯夫-48-54+1,861,-1,-1,1710,1643,1933,,,,,,,,10,1,2,,,,,,,
伊甸-701附近--尤里蛙-48-54,862,-1,-1,1711,1941,,,,,,,,,10,2,,,,,,,,
伊甸-701附近--裘里蛙-48-54,863,-1,-1,1712,1941,,,,,,,,,10,2,,,,,,,,
伊甸-701附近--裘里蛙尤里蛙-48-54,864,-1,-1,1711,1712,1941,,,,,,,,10,10,2,,,,,,,
伊甸-701附近--艾尔蛙-48-54+1,865,-1,-1,1711,1623,,,,,,,,,10,1,,,,,,,,
伊甸-701附近--裘里蛙-48-54+1,866,-1,-1,1712,1622,,,,,,,,,10,1,,,,,,,,
伊甸-701史凯鲁-48-54,867,-1,-1,1713,1941,,,,,,,,,10,2,,,,,,,,
伊甸-701芭拉芭-48-54,868,-1,-1,1714,1941,,,,,,,,,10,2,,,,,,,,
伊甸-701史凯鲁芭拉芭-48-54,869,-1,-1,1713,1714,1941,,,,,,,,10,10,2,,,,,,,
伊甸-701史凯鲁-48-54+1,870,-1,-1,1713,1606,,,,,,,,,20,1,,,,,,,,
伊甸-701芭拉芭-48-54+1,871,-1,-1,1714,1608,,,,,,,,,10,1,,,,,,,,
伊甸-702水-莫拉司-48-54,872,-1,-1,1715,,,,,,,,,,10,,,,,,,,,
伊甸-702水-玛斯特-48-54,873,-1,-1,1716,,,,,,,,,,10,,,,,,,,,
伊甸-702水-莫拉司、玛斯特-48-54,874,-1,-1,1715,1716,,,,,,,,,10,10,,,,,,,,
伊甸-702水-莱姆洛斯-48-54+1,875,-1,-1,1715,1651,,,,,,,,,10,1,,,,,,,,
伊甸-702水-玛斯特-48-54+1,876,-1,-1,1716,1627,,,,,,,,,10,1,,,,,,,,
伊甸-702水-朱利洛斯-48-54,877,-1,-1,1717,,,,,,,,,,10,,,,,,,,,
伊甸-703-威斯-48-54,878,-1,-1,1718,1937,1938,1939,,,,,,,10,4,10,10,,,,,,
伊甸-703-威比-48-54,879,-1,-1,1719,1938,1939,,,,,,,,10,10,10,,,,,,,
伊甸-703-威斯、威比-48-54,880,-1,-1,1718,1719,1937,1938,1939,,,,,,10,10,4,10,10,,,,,
伊甸-703-威斯-48-54+1,881,-1,-1,1718,1570,,,,,,,,,20,1,,,,,,,,
伊甸-703-威比-48-54+1,882,-1,-1,1719,1571,,,,,,,,,20,1,,,,,,,,
伊甸-703-加加-48-54,883,-1,-1,1720,1938,1939,,,,,,,,10,10,10,,,,,,,
伊甸-703-比比加-48-54,884,-1,-1,1721,1937,1938,1939,,,,,,,10,4,10,10,,,,,,
伊甸-703-加加、比比加-48-54,885,-1,-1,1720,1721,1938,1939,,,,,,,10,10,10,10,,,,,,
伊甸-703-加加-48-54+1,886,-1,-1,1720,1564,,,,,,,,,20,1,,,,,,,,
伊甸-703-比比加-48-54+1,887,-1,-1,1721,1568,,,,,,,,,10,1,,,,,,,,
伊甸-703-乌力莱德、乌力固力-48-54,888,-1,-1,1722,1723,,,,,,,,,10,10,,,,,,,,
伊甸-703-布依布鲁、布依布依-48-54,889,-1,-1,1724,1725,,,,,,,,,10,10,,,,,,,,
伊甸-703-乌力莱德、布依布鲁、布依布依-48-54,890,-1,-1,1721,1724,1725,,,,,,,,10,10,10,,,,,,,
伊甸-703-布依布鲁、布依布依、布伊胖-48-54,891,-1,-1,1724,1725,1726,,,,,,,,10,10,1,,,,,,,
伊甸-704-朱利洛斯-48-54+1,892,-1,-1,1717,1652,,,,,,,,,20,1,,,,,,,,
伊甸-705-格里兰、摩里-48-54,893,-1,-1,1727,1728,,,,,,,,,10,10,,,,,,,,
伊甸-705-格里兰-48-54+1,894,-1,-1,1727,1640,,,,,,,,,10,1,,,,,,,,
伊甸-704-立杜鲁斯、巴克亚司-48-54,895,-1,-1,1729,1730,,,,,,,,,10,10,,,,,,,,
伊甸-704-立杜鲁斯-48-54+1,896,-1,-1,1729,1654,,,,,,,,,10,1,,,,,,,,
伊甸-706--欧林吉鲁、耶普鲁-48-54,897,-1,-1,1731,1732,1940,,,,,,,,10,10,4,,,,,,,
伊甸-706--欧林吉鲁-48-54,898,-1,-1,1731,1940,,,,,,,,,10,2,,,,,,,,
伊甸-706--耶普鲁-48-54,899,-1,-1,1732,1940,,,,,,,,,10,2,,,,,,,,
伊甸-704-立杜鲁斯-48-54,900,-1,-1,1729,,,,,,,,,,10,,,,,,,,,
伊甸-704-巴克亚司-48-54,901,-1,-1,1730,,,,,,,,,,10,,,,,,,,,
伊甸-705-格里兰-48-54,902,-1,-1,1727,,,,,,,,,,10,,,,,,,,,
伊甸-705-摩里-48-54,903,-1,-1,1728,,,,,,,,,,10,,,,,,,,,
伊甸-706-瑞德宝-48-54,904,-1,-1,1734,1940,,,,,,,,,10,2,,,,,,,,
伊甸-706-拉斯基-48-54,905,-1,-1,1735,1940,,,,,,,,,10,2,,,,,,,,
伊甸-706-瑞德宝-48-54+1,907,-1,-1,1734,1603,,,,,,,,,20,1,,,,,,,,
伊甸-706-拉斯基-48-54+1,908,-1,-1,1735,1591,,,,,,,,,20,1,,,,,,,,
伊甸-706--欧林吉鲁-48-54+1,909,-1,-1,1731,1605,,,,,,,,,20,1,,,,,,,,
伊甸-706--耶普鲁-48-54+1,910,-1,-1,1732,1607,,,,,,,,,20,1,,,,,,,,
伊甸-707-乌宝依-48-54,911,-1,-1,1736,1940,,,,,,,,,10,2,,,,,,,,
伊甸-707-乌宝依-48-54+1,912,-1,-1,1736,1569,,,,,,,,,20,1,,,,,,,,
伊甸-707鲁拉其斯-48-54,913,-1,-1,1737,,,,,,,,,,10,,,,,,,,,
伊甸-707昆依特-48-54,914,-1,-1,1738,,,,,,,,,,10,,,,,,,,,
伊甸-707可卡特-48-54,915,-1,-1,1739,,,,,,,,,,10,,,,,,,,,
伊甸-707玻洛布斯-48-54,916,-1,-1,1740,,,,,,,,,,10,,,,,,,,,
伊甸-707鲁拉其斯-48-54+1,917,-1,-1,1737,1586,,,,,,,,,20,1,,,,,,,,
伊甸-707昆依特-48-54+1,918,-1,-1,1738,1595,,,,,,,,,10,1,,,,,,,,
伊甸-707可卡特-48-54+1,919,-1,-1,1739,1597,,,,,,,,,10,1,,,,,,,,
伊甸-707玻洛布斯-48-54+1,920,-1,-1,1740,1616,,,,,,,,,10,1,,,,,,,,
伊甸园山崖的草食动物一,921,19720,-1,1741,1798,,,,,,,,,5,1,,,,,,,,
伊甸园山崖的草食动物二,922,19721,-1,1742,,,,,,,,,,1,,,,,,,,,
伊甸园山崖的肉食动物一,923,19722,-1,1743,,,,,,,,,,1,,,,,,,,,
伊甸园山崖的肉食动物二,924,19723,-1,1744,,,,,,,,,,1,,,,,,,,,
伊甸园山崖的杂食动物一,925,19724,-1,1745,,,,,,,,,,1,,,,,,,,,
伊甸园山崖的杂食动物二,926,19725,-1,1746,,,,,,,,,,1,,,,,,,,,
伊甸园砂地的草食动物一,927,19733,-1,1741,1798,,,,,,,,,99,1,,,,,,,,
伊甸园砂地的草食动物二,928,19721,-1,1748,,,,,,,,,,1,,,,,,,,,
伊甸园砂地的肉食动物一,929,19723,-1,1750,,,,,,,,,,1,,,,,,,,,
伊甸园砂地的肉食动物二,930,19722,-1,1749,,,,,,,,,,1,,,,,,,,,
伊甸园砂地的杂食动物一,931,19724,-1,1751,,,,,,,,,,1,,,,,,,,,
伊甸园砂地的杂食动物二,932,19725,-1,1752,,,,,,,,,,1,,,,,,,,,
伊甸园石板的草食动物一,933,19720,-1,1753,,,,,,,,,,1,,,,,,,,,
伊甸园石板的草食动物二,934,19721,-1,1754,,,,,,,,,,1,,,,,,,,,
伊甸园石板的肉食动物一,935,19722,-1,1755,,,,,,,,,,1,,,,,,,,,
伊甸园石板的肉食动物二,936,19723,-1,1756,,,,,,,,,,1,,,,,,,,,
伊甸园石板的杂食动物一,937,19724,-1,1757,,,,,,,,,,1,,,,,,,,,
伊甸园石板的杂食动物二,938,19725,-1,1758,,,,,,,,,,1,,,,,,,,,
伊甸园水边的草食动物一,939,19720,-1,1759,,,,,,,,,,1,,,,,,,,,
伊甸园水边的草食动物二,940,19721,-1,1760,,,,,,,,,,1,,,,,,,,,
伊甸园水边的肉食动物一,941,19722,-1,1761,,,,,,,,,,1,,,,,,,,,
伊甸园水边的肉食动物二,942,19723,-1,1762,,,,,,,,,,1,,,,,,,,,
伊甸园水边的杂食动物一,943,19724,-1,1763,,,,,,,,,,1,,,,,,,,,
伊甸园水边的杂食动物二,944,19725,-1,1764,,,,,,,,,,1,,,,,,,,,
伊甸园草地的草食动物一,945,19720,-1,1741,,,,,,,,,,1,,,,,,,,,
伊甸园草地的草食动物二,946,19721,-1,1765,,,,,,,,,,1,,,,,,,,,
伊甸园草地的肉食动物一,947,19722,-1,1766,,,,,,,,,,1,,,,,,,,,
伊甸园草地的肉食动物二,948,19723,-1,1767,,,,,,,,,,1,,,,,,,,,
伊甸园草地的杂食动物一,949,19724,-1,1768,,,,,,,,,,1,,,,,,,,,
伊甸园草地的杂食动物二,950,19725,-1,1769,,,,,,,,,,1,,,,,,,,,
伊甸园建物边的草食动物一,951,19720,-1,1770,,,,,,,,,,1,,,,,,,,,
伊甸园建物边的草食动物二,952,19721,-1,1771,,,,,,,,,,1,,,,,,,,,
伊甸园建物边的肉食动物一,953,19722,-1,1750,,,,,,,,,,1,,,,,,,,,
伊甸园建物边的肉食动物二,954,19723,-1,1756,,,,,,,,,,1,,,,,,,,,
伊甸园建物边的杂食动物一,955,19724,-1,1751,,,,,,,,,,1,,,,,,,,,
伊甸园建物边的杂食动物二,956,19725,-1,1752,,,,,,,,,,1,,,,,,,,,
伊甸园-幻影之界-红蓝人龙,957,-1,-1,1772,1773,,,,,,,,,1,1,,,,,,,,
伊甸园-幻影之界-族长骑黄虎,958,-1,-1,1774,1775,1776,1777,,,,,,,1,1,1,1,,,,,,
伊甸园-幻影之界-族长骑红虎,959,-1,-1,1778,1779,1780,1781,,,,,,,1,1,1,1,,,,,,
伊甸园-幻影之界-族长骑金虎,960,-1,-1,1782,1783,1784,1785,,,,,,,1,1,1,1,,,,,,
伊甸园-幻影之界-族长骑金虎,961,-1,-1,1782,1783,1784,1785,,,,,,,1,1,1,1,,,,,,
eden-头痛里拉拉-不良少年A,962,-1,19718,1788,1789,,,,,,,,,10,20,,,,,,,,
eden-头痛里拉拉-凶悍的格尔希洛,963,-1,-1,1787,,,,,,,,,,10,,,,,,,,,
eden-头痛里拉拉-不良少年B,964,-1,-1,1789,,,,,,,,,,20,,,,,,,,,
eden-头痛里拉拉-不良少年C,965,19713,-1,1793,,,,,,,,,,20,,,,,,,,,
eden-头痛里拉拉-凶悍的格尔希洛B,966,19711,-1,1792,,,,,,,,,,1,,,,,,,,,
伊甸园砂地的草食动物一,967,19720,-1,1741,,,,,,,,,,5,,,,,,,,,
地下水路普通队伍一(1234层),968,-1,-1,1840,1838,,,,,,,,,10,10,,,,,,,,
地下水路普通队伍二(1234层),969,-1,-1,1840,1838,,,,,,,,,10,5,,,,,,,,
地下水路普通队伍三(1234层),970,-1,-1,1840,1838,,,,,,,,,5,10,,,,,,,,
地下水路普通队伍四(5678层),971,-1,-1,1839,1841,1842,,,,,,,,5,5,10,,,,,,,
地下水路普通队伍五(5678层),972,-1,-1,1839,1841,,,,,,,,,10,5,,,,,,,,
地下水路普通队伍六(5678层),973,-1,-1,1839,1841,,,,,,,,,5,10,,,,,,,,
地下水路追杀队,974,-1,-1,1810,1813,,,,,,,,,10,10,,,,,,,,
盐矿的盐,975,20122,-1,1800,,,,,,,,,,1,,,,,,,,,
盐矿的敌人1,976,-1,-1,1740,,,,,,,,,,1,,,,,,,,,
盐矿的敌人2,977,-1,-1,1739,,,,,,,,,,1,,,,,,,,,
西方沙漠洞1,980,-1,-1,1824,1825,1932,,,,,,,,10,10,4,,,,,,,
南方沙漠洞1,981,-1,-1,1826,1827,1932,,,,,,,,10,10,4,,,,,,,
北方沙漠洞1,982,-1,-1,1828,1829,1932,,,,,,,,10,10,4,,,,,,,
东方沙漠洞1,983,-1,-1,1830,1831,1932,,,,,,,,10,10,4,,,,,,,
西方沙漠洞2,984,-1,-1,1824,1932,,,,,,,,,10,2,,,,,,,,
西方沙漠洞3,985,-1,-1,1825,1932,,,,,,,,,10,2,,,,,,,,
南方沙漠洞2,986,-1,-1,1826,1932,,,,,,,,,10,2,,,,,,,,
南方沙漠洞3,987,-1,-1,1827,1932,,,,,,,,,10,2,,,,,,,,
北方沙漠洞2,988,-1,-1,1828,1932,,,,,,,,,10,2,,,,,,,,
北方沙漠洞3,989,-1,-1,1829,1932,,,,,,,,,10,2,,,,,,,,
东方沙漠洞2,990,-1,-1,1830,1932,,,,,,,,,10,2,,,,,,,,
东方沙漠洞3,991,-1,-1,1831,1932,,,,,,,,,10,2,,,,,,,,
小猪森林1,992,-1,-1,1846,1847,,,,,,,,,10,10,,,,,,,,
小猪森林2,993,-1,-1,1846,,,,,,,,,,10,,,,,,,,,
小猪森林3,994,-1,-1,1847,,,,,,,,,,10,,,,,,,,,
拉斯基队,995,20173,-1,1849,1853,,,,,,,,,10,10,,,,,,,,
瑞德宝队,996,20173,-1,1854,1850,,,,,,,,,10,10,,,,,,,,
耶普鲁队,997,20173,-1,1855,1851,,,,,,,,,10,10,,,,,,,,
贝洛波波队,998,20173,-1,1856,1852,,,,,,,,,10,10,,,,,,,,
火山普通队1,999,-1,-1,1853,1854,1930,,,,,,,,10,10,5,,,,,,,
火山普通队2,1000,-1,-1,1855,1856,1930,,,,,,,,10,10,5,,,,,,,
火山普通队3,1001,-1,-1,1853,1855,1930,,,,,,,,10,10,5,,,,,,,
火山普通队4,1002,-1,-1,1854,1856,1930,,,,,,,,10,10,5,,,,,,,
风之森林敌1,1003,-1,-1,1890,,,,,,,,,,5,,,,,,,,,
风之森林敌2,1004,-1,-1,1891,,,,,,,,,,5,,,,,,,,,
风之森林敌3,1005,-1,-1,1890,1891,,,,,,,,,5,5,,,,,,,,
风之森林木,1006,20197,-1,1886,,,,,,,,,,5,,,,,,,,,
蒙达山黑虎队,1007,-1,-1,1871,1870,,,,,,,,,5,5,,,,,,,,
蒙达山普通队1,1008,-1,-1,1872,,,,,,,,,,5,,,,,,,,,
蒙达山普通队2,1009,-1,-1,1873,,,,,,,,,,5,,,,,,,,,
蒙达山普通队3,1010,-1,-1,1872,1873,,,,,,,,,5,5,,,,,,,,
试炼洞咒语队1,1011,-1,-1,1879,1877,,,,,,,,,5,5,,,,,,,,
试炼洞咒语队2,1012,20192,-1,1880,1876,,,,,,,,,5,5,,,,,,,,
试炼洞咒语队3,1013,20193,-1,1881,1875,,,,,,,,,5,5,,,,,,,,
试炼洞咒语队4,1014,20194,-1,1882,1878,,,,,,,,,5,5,,,,,,,,
加加艾蜜,1015,20216,-1,1904,,,,,,,,,,10,,,,,,,,,
乌鲁力艾蜜,1016,20217,-1,1909,,,,,,,,,,10,,,,,,,,,
海底艾蜜,1017,20218,-1,1910,,,,,,,,,,10,,,,,,,,,
渔村艾蜜,1018,20219,-1,1911,,,,,,,,,,10,,,,,,,,,
不可抓讦谯龙,1019,20221,-1,1906,,,,,,,,,,10,,,,,,,,,
可抓讦谯龙,1020,20222,-1,1912,,,,,,,,,,10,,,,,,,,,
雷诛,1021,20223,-1,1905,,,,,,,,,,10,,,,,,,,,
试炼洞窟普通队1,1022,-1,-1,1913,,,,,,,,,,10,,,,,,,,,
试炼洞窟普通队2,1023,-1,-1,1914,,,,,,,,,,10,,,,,,,,,
试炼洞窟普通队3,1024,-1,-1,1915,,,,,,,,,,10,,,,,,,,,
试炼洞窟普通队4,1025,-1,-1,1916,,,,,,,,,,10,,,,,,,,,
试炼洞窟普通队5,1026,-1,-1,1913,1914,,,,,,,,,10,10,,,,,,,,
试炼洞窟普通队6,1027,-1,-1,1915,1916,,,,,,,,,10,10,,,,,,,,
地牢追杀队1,1028,-1,-1,1917,,,,,,,,,,10,,,,,,,,,
地牢追杀队2,1029,-1,-1,1918,,,,,,,,,,10,,,,,,,,,
地牢追杀队3,1030,-1,-1,1919,,,,,,,,,,10,,,,,,,,,
地牢追杀队4,1031,-1,-1,1917,1918,1919,,,,,,,,10,10,10,,,,,,,
蒙达村地下通道1,1032,-1,-1,1927,1928,,,,,,,,,10,10,,,,,,,,
蒙达村地下通道2,1033,-1,-1,1927,,,,,,,,,,10,,,,,,,,,
蒙达村地下通道3,1034,-1,-1,1928,,,,,,,,,,10,,,,,,,,,
蒙达山海底通道1+砂鲨1,1035,-1,-1,1922,1923,1618,,,,,,,,25,25,1,,,,,,,
蒙达山海底通道2,1036,-1,-1,1922,,,,,,,,,,10,,,,,,,,,
蒙达山海底通道3,1037,-1,-1,1923,,,,,,,,,,10,,,,,,,,,
蒙达山海底通道4,1038,-1,-1,1922,1923,,,,,,,,,10,10,,,,,,,,
蒙达山海底通道5+波波顿1,1039,-1,-1,1922,1923,,,,,,,,,25,25,,,,,,,,
蒙达村地下通道4+龟之钢1,1040,-1,-1,1927,1928,1579,,,,,,,,25,25,1,,,,,,,
蒙达村地下通道4+贝洛金1,1041,-1,-1,1927,1928,1573,,,,,,,,25,25,1,,,,,,,
一级黑人龙,1042,-1,-1,1930,1660,,,,,,,,,8,1,,,,,,,,
风村战队1,1045,-1,-1,1934,1935,,,,,,,,,4,10,,,,,,,,
风村战队2,1046,-1,-1,1935,,,,,,,,,,10,,,,,,,,,
风村战队3,1048,-1,-1,1934,,,,,,,,,,10,,,,,,,,,
风村战队4,1049,-1,-1,1934,,,,,,,,,,5,,,,,,,,,
一级蒙哥拉斯(蒙哥拉斯),1050,-1,-1,1936,1631,,,,,,,,,9,1,,,,,,,,
一级雷德力克斯,1051,-1,-1,1919,1657,,,,,,,,,10,1,,,,,,,,
一级司尔顿,1052,-1,-1,1917,1598,,,,,,,,,10,1,,,,,,,,
钻石帖拉所依朵,1053,-1,-1,1942,,,,,,,,,,1,,,,,,,,,
风村战队5,1054,-1,-1,1934,1935,,,,,,,,,5,5,,,,,,,,
风村战队7,1055,-1,-1,1934,1935,,,,,,,,,5,5,,,,,,,,
风村战队8(玛斯贝卡),1056,-1,-1,1934,1612,,,,,,,,,9,1,,,,,,,,
风村海边1,1057,-1,-1,1944,1945,,,,,,,,,1,1,,,,,,,,
风村海边2,1058,-1,-1,1944,,,,,,,,,,1,,,,,,,,,
风村海边3,1059,-1,-1,1945,,,,,,,,,,1,,,,,,,,,
全120雷,1060,-1,-1,1936,,,,,,,,,,10,,,,,,,,,
全125雷,1061,-1,-1,1943,,,,,,,,,,10,,,,,,,,,
130嘎吱拉,1073,-1,-1,1954,,,,,,,,,,1,,,,,,,,,
135嘎吱拉,1074,-1,-1,1955,,,,,,,,,,1,,,,,,,,,
140嘎吱拉,1075,-1,-1,1956,1972,,,,,,,,,1,1,,,,,,,,
130哥斯哥斯,1076,-1,-1,1957,,,,,,,,,,1,,,,,,,,,
135哥斯哥斯,1077,-1,-1,1958,,,,,,,,,,1,,,,,,,,,
140哥斯哥斯,1078,-1,-1,1959,,,,,,,,,,1,,,,,,,,,
130蒙哥拉斯,1079,-1,-1,1960,,,,,,,,,,1,,,,,,,,,
135蒙哥拉斯,1080,-1,-1,1961,,,,,,,,,,1,,,,,,,,,
140蒙哥拉斯,1081,-1,-1,1962,,,,,,,,,,1,,,,,,,,,
130混雷,1082,-1,-1,1954,1957,1960,,,,,,,,1,1,1,,,,,,,
135混雷,1083,-1,-1,1958,1961,1955,,,,,,,,1,1,1,,,,,,,
140混雷,1084,-1,-1,1956,1959,1962,1972,,,,,,,1,1,1,1,,,,,,
130金暴,1085,-1,-1,1951,,,,,,,,,,1,,,,,,,,,
135金暴,1086,-1,-1,1952,,,,,,,,,,1,,,,,,,,,
140金暴,1087,-1,-1,1953,,,,,,,,,,1,,,,,,,,,
130吉比,1088,-1,-1,1969,,,,,,,,,,1,,,,,,,,,
135吉比,1089,-1,-1,1970,,,,,,,,,,1,,,,,,,,,
140吉比,1090,-1,-1,1971,,,,,,,,,,1,,,,,,,,,
130扑满,1091,-1,-1,1966,,,,,,,,,,1,,,,,,,,,
135扑满,1092,-1,-1,1967,,,,,,,,,,1,,,,,,,,,
140扑满,1093,-1,-1,1968,,,,,,,,,,1,,,,,,,,,
130吉扑混,1094,-1,-1,1966,1969,,,,,,,,,1,1,,,,,,,,
135吉扑混,1095,-1,-1,1967,1970,,,,,,,,,1,1,,,,,,,,
140吉扑混,1096,-1,-1,1968,1971,,,,,,,,,1,1,,,,,,,,
1v金暴,1097,20259,-1,1953,1645,,,,,,,,,8,1,,,,,,,,
1v嘎吱拉,1098,20247,-1,1629,1956,,,,,,,,,1,8,,,,,,,,
水龙战队1,1100,-1,-1,2029,,,,,,,,,,10,,,,,,,,,
水龙战队2,1101,-1,-1,2030,,,,,,,,,,10,,,,,,,,,
水龙战队3,1102,-1,-1,2031,,,,,,,,,,10,,,,,,,,,
水龙战队4,1103,-1,-1,2030,2029,,,,,,,,,10,10,,,,,,,,
水龙战队5,1104,-1,-1,2029,2031,,,,,,,,,10,10,,,,,,,,
一级蓝龟,1105,-1,-1,2029,1577,,,,,,,,,9,1,,,,,,,,
雷龙基地队1,1106,-1,-1,2040,,,,,,,,,,10,,,,,,,,,
雷龙基地队2,1107,-1,-1,2041,,,,,,,,,,10,,,,,,,,,
雷龙基地队3,1108,-1,-1,2042,,,,,,,,,,10,,,,,,,,,
雷龙基地队4,1109,-1,-1,2041,2042,,,,,,,,,10,10,,,,,,,,
飞龙普通队1,1110,-1,-1,2037,,,,,,,,,,10,,,,,,,,,
飞龙普通队2,1111,-1,-1,2038,,,,,,,,,,10,,,,,,,,,
飞龙普通队3,1112,-1,-1,2039,,,,,,,,,,10,,,,,,,,,
飞龙普通队4,1113,-1,-1,2037,2038,,,,,,,,,10,10,,,,,,,,
飞龙普通队5,1114,-1,-1,2038,2039,,,,,,,,,10,10,,,,,,,,
飞龙普通队6,1115,-1,-1,2039,2037,,,,,,,,,10,10,,,,,,,,
药草队,1116,-1,-1,2051,2052,2050,2053,2054,,,,,,10,10,5,10,10,,,,,
药草普通敌1,1117,-1,-1,2051,2052,,,,,,,,,10,10,,,,,,,,
药草普通敌2,1118,-1,-1,2053,2054,,,,,,,,,10,10,,,,,,,,
小偷,1119,-1,-1,2056,,,,,,,,,,10,,,,,,,,,
一级迪布恩(无名洞窟),1120,-1,-1,1639,2062,,,,,,,,,5,5,,,,,,,,
一级布莱兹,1121,-1,-1,2063,1648,,,,,,,,,9,1,,,,,,,,
一级伊夫霍恩,1122,-1,-1,1650,2064,,,,,,,,,1,4,,,,,,,,
吉鲁通道梅鲁莎,1123,-1,-1,2065,,,,,,,,,,1,,,,,,,,,
吉鲁通道1V梅鲁莎,1124,-1,-1,2065,1620,,,,,,,,,9,1,,,,,,,,
一级克洛恩,1125,-1,-1,1637,2037,,,,,,,,,1,4,,,,,,,,
新手岛1到2级,1126,-1,-1,2112,2113,2114,2115,,,,,,,1,1,1,1,,,,,,
新手岛1级,1127,-1,-1,1,2,3,4,,,,,,,1,1,1,1,,,,,,
新手洞1楼,1128,-1,-1,126,129,1647,1646,1644,1645,,,,,10,10,1,1,1,1,,,,
新手洞2楼,1129,-1,-1,2116,2117,,,,,,,,,1,1,,,,,,,,
1v布依布鲁,1130,-1,-1,1561,158,163,,,,,,,,1,1,1,,,,,,,
1V克达达,1131,-1,-1,428,429,430,1593,,,,,,,1,1,1,1,,,,,,
1V格尔希洛,1132,-1,-1,993,996,1599,,,,,,,,1,1,1,,,,,,,
1V戈登尔顿,1133,-1,-1,1259,1262,1265,1601,,,,,,,1,1,1,1,,,,,,
1V辛普洛斯,1134,-1,-1,1653,1486,1485,1484,,,,,,,1,1,1,1,,,,,,
吉宝山敌1,1135,-1,-1,1093,,,,,,,,,,1,,,,,,,,,
吉宝山敌2,1136,-1,-1,1094,,,,,,,,,,1,,,,,,,,,
金宝山敌3,1137,-1,-1,982,,,,,,,,,,1,,,,,,,,,
吉宝山金布依,1138,-1,-1,1093,982,2143,,,,,,,,1,1,1,,,,,,,
水世界30-1,1139,-1,-1,2148,,,,,,,,,,10,,,,,,,,,
水世界30-2,1140,-1,-1,2149,,,,,,,,,,1,,,,,,,,,
水世界30-3,1141,-1,-1,2150,,,,,,,,,,1,,,,,,,,,
水世界30-4,1142,-1,-1,2151,,,,,,,,,,1,,,,,,,,,
水世界30-5,1143,-1,-1,2148,2149,,,,,,,,,1,1,,,,,,,,
水世界30-6,1144,-1,-1,2150,2151,,,,,,,,,1,1,,,,,,,,
水世界40-1,1145,-1,-1,2152,,,,,,,,,,1,,,,,,,,,
水世界40-2,1146,-1,-1,2153,,,,,,,,,,1,,,,,,,,,
水世界40-3,1147,-1,-1,2154,,,,,,,,,,1,,,,,,,,,
水世界40-4,1148,-1,-1,2155,,,,,,,,,,1,,,,,,,,,
水世界40-5,1149,-1,-1,2152,2154,,,,,,,,,1,1,,,,,,,,
水世界40-6,1150,-1,-1,2153,2155,,,,,,,,,1,1,,,,,,,,
水世界50-1,1151,-1,-1,2156,,,,,,,,,,1,,,,,,,,,
水世界50-2,1152,-1,-1,2157,2434,,,,,,,,,1,1,,,,,,,,
水世界50-3,1153,-1,-1,2158,,,,,,,,,,1,,,,,,,,,
水世界50-4,1154,-1,-1,2156,2157,2158,2434,2459,,,,,,1,1,1,1,1,,,,,
水世界60-1,1155,-1,-1,2159,,,,,,,,,,1,,,,,,,,,
水世界60-2,1156,-1,-1,2160,,,,,,,,,,1,,,,,,,,,
水世界60-3,1157,-1,-1,2161,,,,,,,,,,1,,,,,,,,,
水世界60-4,1158,-1,-1,2159,2160,2161,2457,2458,,,,,,1,1,1,1,1,,,,,
水世界70-1,1159,-1,-1,2162,,,,,,,,,,1,,,,,,,,,
水世界70-2,1160,-1,-1,2163,,,,,,,,,,1,,,,,,,,,
水世界70-3,1161,-1,-1,2164,,,,,,,,,,1,,,,,,,,,
水世界70-4,1162,-1,-1,2162,2163,2164,,,,,,,,1,1,1,,,,,,,
水世界130-1,1163,-1,-1,2165,2435,,,,,,,,,1,1,,,,,,,,
水世界130-2,1164,-1,-1,2166,,,,,,,,,,1,,,,,,,,,
水世界130-3,1165,-1,-1,2167,2435,,,,,,,,,1,1,,,,,,,,
水世界130-4,1166,-1,-1,2165,2166,2167,2460,,,,,,,1,1,1,1,,,,,,
水世界140-1,1167,-1,-1,2168,2431,,,,,,,,,1,1,,,,,,,,
水世界140-2,1168,-1,-1,2170,2431,,,,,,,,,1,1,,,,,,,,
水世界140-3,1169,-1,-1,2171,2432,,,,,,,,,1,1,,,,,,,,
水世界140-4,1170,-1,-1,2168,2170,2171,2432,,,,,,,1,1,1,1,,,,,,
300塔斯摩米,1171,-1,-1,2172,2429,,,,,,,,,1,1,,,,,,,,
300欧西摩米,1172,-1,-1,2173,,,,,,,,,,1,,,,,,,,,
300洛德摩米,1173,-1,-1,2174,2430,,,,,,,,,1,1,,,,,,,,
300艾尔摩米,1174,-1,-1,2175,,,,,,,,,,1,,,,,,,,,
1v卡伯,1175,-1,-1,2081,2148,,,,,,,,,1,1,,,,,,,,
1v康尔特,1176,-1,-1,2095,2152,,,,,,,,,1,1,,,,,,,,
1v奥特普,1177,-1,-1,2100,2156,,,,,,,,,1,1,,,,,,,,
1v伊克多,1178,-1,-1,2158,2126,,,,,,,,,1,1,,,,,,,,
1v那尔斯,1179,-1,-1,2097,2160,,,,,,,,,1,1,,,,,,,,
1v特利斯克,1180,-1,-1,2162,2090,,,,,,,,,1,1,,,,,,,,
1v特雷沙,1181,-1,-1,2109,2164,,,,,,,,,1,1,,,,,,,,
1v布迪斯,1182,-1,-1,2165,2102,,,,,,,,,1,1,,,,,,,,
1v奇格拉,1183,-1,-1,2168,2083,,,,,,,,,1,1,,,,,,,,
1v沙瓦克,1184,-1,-1,2103,2170,,,,,,,,,1,1,,,,,,,,
贪吃的老鼠,1185,1697,1698,2178,,,,,,,,,,1,,,,,,,,,
风洞12楼-1,1186,-1,-1,2180,,,,,,,,,,1,,,,,,,,,
风洞12楼-2,1187,-1,-1,2181,,,,,,,,,,1,,,,,,,,,
风洞12楼-3,1188,-1,-1,2180,2181,,,,,,,,,1,1,,,,,,,,
风洞34楼-1,1189,-1,-1,2183,,,,,,,,,,1,,,,,,,,,
风洞34楼-2,1190,-1,-1,2184,,,,,,,,,,1,,,,,,,,,
风洞34楼-3,1191,-1,-1,2183,2184,,,,,,,,,1,1,,,,,,,,
风洞56楼-1,1192,-1,-1,2185,,,,,,,,,,1,,,,,,,,,
风洞56楼-2,1193,-1,-1,2186,,,,,,,,,,1,,,,,,,,,
风洞56楼-3,1194,-1,-1,2187,,,,,,,,,,1,,,,,,,,,
风洞56楼-4,1195,-1,-1,2185,2186,2187,,,,,,,,1,1,1,,,,,,,
1v瑞里西尔,1196,-1,-1,2187,1642,,,,,,,,,1,1,,,,,,,,
沙漠之鹰1,1197,-1,-1,1219,1220,,,,,,,,,1,1,,,,,,,,
沙漠之鹰2,1198,1693,1694,1219,1220,2188,,,,,,,,1,1,1,,,,,,,
沙己夫洞窟1,1199,-1,-1,2194,,,,,,,,,,1,,,,,,,,,
沙己夫洞窟2,1200,-1,-1,2195,,,,,,,,,,1,,,,,,,,,
沙己夫洞窟3,1201,-1,-1,2197,,,,,,,,,,1,,,,,,,,,
沙己夫洞窟4,1202,-1,-1,2194,2195,2197,,,,,,,,1,1,1,,,,,,,
史东尔洞窟1,1203,-1,-1,2199,,,,,,,,,,1,,,,,,,,,
史东尔洞窟2,1204,-1,-1,2200,,,,,,,,,,1,,,,,,,,,
史东尔洞窟3,1205,-1,-1,2201,,,,,,,,,,1,,,,,,,,,
史东尔洞窟4,1206,-1,-1,2199,2200,2201,,,,,,,,1,1,1,,,,,,,
1v塔克,1207,-1,-1,2195,2099,,,,,,,,,1,1,,,,,,,,
1v洛安奇,1208,-1,-1,2201,2139,,,,,,,,,1,1,,,,,,,,
地蛇,1209,1702,1703,2202,545,544,543,,,,,,,1,1,1,1,,,,,,
水蛇,1210,1702,1704,2203,545,544,543,,,,,,,1,1,1,1,,,,,,
火蛇,1211,1702,1705,2204,545,544,543,,,,,,,1,1,1,1,,,,,,
风蛇,1212,1702,1706,2205,545,544,543,,,,,,,1,1,1,1,,,,,,
沉船遗迹1,1213,-1,-1,2217,,,,,,,,,,1,,,,,,,,,
沉船遗迹2,1214,-1,-1,2218,,,,,,,,,,1,,,,,,,,,
沉船遗迹3,1215,-1,-1,2219,,,,,,,,,,1,,,,,,,,,
沉船遗迹4,1216,-1,-1,2217,2218,2219,,,,,,,,1,1,1,,,,,,,
1v夏普德,1217,1692,-1,2152,2133,,,,,,,,,1,1,,,,,,,,
百年海主人,1218,1795,1797,1011,2220,,,,,,,,,1,1,,,,,,,,
奇岩矿,1219,1813,-1,1040,1041,2221,,,,,,,,1,1,1,,,,,,,
小毛贼,1220,1812,-1,732,735,2222,,,,,,,,1,1,1,,,,,,,
巨大玛恩摩,1221,1810,-1,2223,990,988,,,,,,,,1,1,1,,,,,,,
富商1,1222,1810,-1,1054,1057,,,,,,,,,1,1,,,,,,,,
富商2,1223,1810,-1,1053,1058,,,,,,,,,1,1,,,,,,,,
熊1,1224,1834,1835,2227,2228,2229,,,,,,,,1,1,1,,,,,,,
熊2,1225,1834,1835,2227,2229,,,,,,,,,1,1,,,,,,,,
熊3,1226,1834,1835,2227,2228,,,,,,,,,1,1,,,,,,,,
漩涡,1227,1861,1862,2239,2240,2241,2242,,,,,,,1,1,1,1,,,,,,
漩涡战队,1228,1861,1862,2240,2241,2242,,,,,,,,1,1,1,,,,,,,
珊瑚任务1,1229,1870,1871,2243,2244,,,,,,,,,1,1,,,,,,,,
92年周年庆,1230,1961,-1,2250,2251,2249,2252,2253,,,,,,1,1,1,1,1,,,,,
恶霸老二三,1231,1986,1987,2256,2257,,,,,,,,,1,1,,,,,,,,
恶霸老大,1232,1987,1988,2255,2256,2257,,,,,,,,1,1,1,,,,,,,
哥达喽1,1233,-1,-1,2344,,,,,,,,,,1,,,,,,,,,
哥达喽2,1234,-1,-1,2345,,,,,,,,,,1,,,,,,,,,
哥达喽3,1235,-1,-1,2344,2345,,,,,,,,,1,1,,,,,,,,
酿酒花,1236,2027,-1,2346,,,,,,,,,,1,,,,,,,,,
特级弓猪,1237,-1,2073,2351,2352,,,,,,,,,2,1,,,,,,,,
一般猪,1238,-1,-1,2352,,,,,,,,,,1,,,,,,,,,
森林乌力,1239,-1,-1,2352,2353,,,,,,,,,1,1,,,,,,,,
羊肉队,1240,-1,2074,2354,2355,,,,,,,,,4,1,,,,,,,,
一般羊,1241,-1,-1,2355,,,,,,,,,,1,,,,,,,,,
鸟肉队,1242,-1,2076,2356,2357,,,,,,,,,4,1,,,,,,,,
一般鸟,1243,-1,-1,2357,,,,,,,,,,1,,,,,,,,,
猴肉队,1244,-1,2078,2358,2359,,,,,,,,,4,1,,,,,,,,
一般猴,1245,-1,-1,2359,,,,,,,,,,1,,,,,,,,,
羊草队,1246,-1,2075,2355,2360,,,,,,,,,1,4,,,,,,,,
鸟草队,1247,-1,2077,2357,2361,,,,,,,,,1,4,,,,,,,,
猴草队,1248,-1,2079,2359,2362,,,,,,,,,1,4,,,,,,,,
一般蛇队,1249,-1,-1,2363,2364,2365,2366,,,,,,,1,1,1,1,,,,,,
药草蛇队1,1250,-1,2080,2367,2364,2365,2366,,,,,,,1,1,1,1,,,,,,
药草蛇队2,1251,-1,2081,2363,2368,2365,2366,,,,,,,1,1,1,1,,,,,,
药草蛇队3,1252,-1,2082,2363,2364,2369,2366,,,,,,,1,1,1,1,,,,,,
药草蛇队4,1253,-1,2083,2363,2364,2365,2370,,,,,,,1,1,1,1,,,,,,
药草蛇队5,1254,-1,2084,2363,2364,2371,2366,,,,,,,1,1,1,1,,,,,,
人龙一般队,1255,-1,-1,2373,2374,2375,2376,2377,,,,,,1,1,1,1,1,,,,,
人龙肉队,1256,-1,-1,2373,2374,2375,2380,2377,,,,,,1,1,1,1,1,,,,,
暴龙一般队,1257,-1,-1,2381,2382,2383,,,,,,,,1,1,1,,,,,,,
暴龙牙队,1258,-1,-1,2381,2382,2384,,,,,,,,1,1,1,,,,,,,
熊一般队,1259,-1,-1,2385,2386,2387,2388,,,,,,,1,1,1,1,,,,,,
熊皮队,1260,-1,2087,2389,2386,2387,2388,,,,,,,1,1,1,1,,,,,,
熊骨队,1261,-1,2088,2385,2390,2387,2388,,,,,,,1,1,1,1,,,,,,
熊钢铁队,1262,-1,2089,2385,2386,2391,2388,,,,,,,1,1,1,1,,,,,,
一级培罗多,1263,13062,-1,2348,1130,1131,2447,,,,,,,1,1,1,1,,,,,,
一级克雷多,1264,13062,-1,2446,1215,1216,2347,,,,,,,1,1,1,1,,,,,,
情兽,1265,2171,-1,2422,2423,,,,,,,,,1,2,,,,,,,,
1v史克弗,1266,-1,-1,2417,2165,2166,2167,,,,,,,1,1,1,1,,,,,,
1v弗瑞克,1267,-1,-1,2418,2156,2157,2158,,,,,,,1,1,1,1,,,,,,
凯比皮,1268,1674,2192,2426,2112,2114,2115,,,,,,,1,1,1,1,,,,,,
威伯角,1269,1674,2193,2112,2113,2114,2427,,,,,,,1,1,1,1,,,,,,
鲁尼帖斯爪,1270,1674,2194,2425,2116,,,,,,,,,1,1,,,,,,,,
呼拔拔骨,1271,1674,2195,2117,2424,,,,,,,,,1,1,,,,,,,,
章鱼丸,1272,1672,-1,2112,2113,2114,2115,2428,,,,,,1,1,1,1,2,,,,,
1v西斯达,1273,-1,-1,2436,2410,,,,,,,,,1,1,,,,,,,,
1v贝瑞里,1274,-1,-1,2437,2412,,,,,,,,,1,1,,,,,,,,
1v斯达克,1275,-1,-1,2409,2438,,,,,,,,,1,1,,,,,,,,
1v史卡鲁,1276,-1,-1,2439,2138,,,,,,,,,1,1,,,,,,,,
1v史卡特,1277,-1,-1,2137,2440,,,,,,,,,1,1,,,,,,,,
1v多瑞里,1278,-1,-1,2441,2411,,,,,,,,,1,1,,,,,,,,
1v卡特,1279,-1,-1,2442,2443,2082,,,,,,,,1,1,1,,,,,,,
史东尔换气道1,1280,-1,-1,2442,,,,,,,,,,1,,,,,,,,,
史东尔换气道2,1281,-1,-1,2443,,,,,,,,,,1,,,,,,,,,
史东尔换气道3,1282,-1,-1,2442,2443,,,,,,,,,1,1,,,,,,,,
1v艾柏瑞,1283,-1,-1,2404,2442,2443,,,,,,,,1,1,1,,,,,,,
1v呼萨瑞,1284,-1,-1,2444,2445,2405,,,,,,,,1,1,1,,,,,,,
1v多格斯,1285,-1,-1,2444,2445,2084,,,,,,,,1,1,1,,,,,,,
沙己夫换气道1,1286,-1,-1,2444,,,,,,,,,,1,,,,,,,,,
沙己夫换气道2,1287,-1,-1,2445,,,,,,,,,,1,,,,,,,,,
沙己夫换气道3,1288,-1,-1,2444,2445,,,,,,,,,1,1,,,,,,,,
60冠头龙,1289,-1,-1,2446,2447,,,,,,,,,1,1,,,,,,,,
幻境之洞二楼,1290,-1,-1,2449,,,,,,,,,,1,,,,,,,,,
幻境之洞1-1,1291,-1,-1,2450,,,,,,,,,,1,,,,,,,,,
幻境之洞1-2,1292,-1,-1,2451,2452,2453,2454,,,,,,,1,1,1,1,,,,,,
1v西柏克,1293,-1,-1,2089,2459,,,,,,,,,1,1,,,,,,,,
1v柏洛西,1294,-1,-1,2458,2096,,,,,,,,,1,1,,,,,,,,
1v罗多克雷,1295,-1,-1,2119,2457,,,,,,,,,1,1,,,,,,,,
1v罗多克拉,1296,-1,-1,2460,2120,,,,,,,,,1,1,,,,,,,,
1v水双头狼,1297,2236,-1,2455,1093,1100,1091,1105,,,,,,1,1,1,1,1,,,,,
1v火双头狼,1298,2236,-1,2456,1093,1100,1091,1105,,,,,,1,1,1,1,1,,,,,
30害羞鬼,1299,-1,,2467,,,,,,,,,,1,,,,,,,,,
40捣蛋鬼,1300,-1,-1,2468,,,,,,,,,,1,,,,,,,,,
80赖皮鬼,1301,-1,-1,2469,,,,,,,,,,1,,,,,,,,,
100顽皮鬼,1302,-1,-1,2470,,,,,,,,,,1,,,,,,,,,
120大头鬼,1303,-1,,2471,,,,,,,,,,1,,,,,,,,,
1v博物馆(可爱),1304,-1,-1,14,15,93,95,,,,,,,1,3,1,1,,,,,,
1v博物馆(飞行),1305,-1,-1,28,29,367,341,,,,,,,3,3,3,3,,,,,,
1v博物馆(海洋),1306,-1,-1,32,319,321,,,,,,,,3,3,3,,,,,,,
1v博物馆(陆行),1307,-1,-1,50,337,349,355,,,,,,,3,3,3,1,,,,,,
1v博物馆(恐龙),1308,-1,-1,49,332,,,,,,,,,3,3,,,,,,,,
诡异矿石石龟,1309,2785,-1,2485,,,,,,,,,,50,,,,,,,,,
地牢战队,1319,-1,-1,2505,2513,,,,,,,,,40,30,,,,,,,,
火山口战队,1329,-1,-1,2532,,,,,,,,,,40,,,,,,,,,
地龙蜥,1331,-1,-1,2516,1932,,,,,,,,,1,10,,,,,,,,
水龙蜥,1332,-1,-1,2517,1932,,,,,,,,,1,10,,,,,,,,
火龙蜥,1333,-1,-1,2518,1932,,,,,,,,,1,10,,,,,,,,
风龙蜥,1334,2888,-1,2519,1932,,,,,,,,,1,10,,,,,,,,
地山甲,1335,-1,-1,2552,,,,,,,,,,1,,,,,,,,,
水山甲,1336,-1,-1,2553,,,,,,,,,,1,,,,,,,,,
火山甲,1337,-1,-1,2554,,,,,,,,,,1,,,,,,,,,
风山甲,1338,-1,-1,2555,,,,,,,,,,1,,,,,,,,,
地水晶山甲,1339,3900,-1,2548,2552,,,,,,,,,30,10,,,,,,,,
水水晶山甲,1340,3900,-1,2549,2553,,,,,,,,,30,10,,,,,,,,
火水晶山甲,1341,3900,-1,2550,2554,,,,,,,,,30,10,,,,,,,,
风水晶山甲,1342,3900,-1,2551,2555,,,,,,,,,30,10,,,,,,,,
火龙蜥2,1343,-1,-1,1932,,,,,,,,,,1,,,,,,,,,
封印迷宫,1344,-1,-1,2567,,,,,,,,,,1,,,,,,,,,
虚拟包(E级贝路卡),1345,-1,-1,2413,2166,2154,,,,,,,,1,80,80,,,,,,,
虚拟包(E级伊古雷),1346,-1,-1,2125,2200,2171,,,,,,,,1,80,80,,,,,,,
虚拟包(E级艾斯坦),1347,-1,-1,2107,2166,2154,,,,,,,,1,80,80,,,,,,,
虚拟包(E级史比特),1348,-1,-1,2106,2154,2166,,,,,,,,1,80,80,,,,,,,
虚拟包(E级格洛德),1349,-1,-1,2108,2171,,,,,,,,,1,80,,,,,,,,
虚拟包(E级那提拉),1350,-1,-1,2101,2151,,,,,,,,,1,80,,,,,,,,
虚拟包(E级多尔克),1351,-1,-1,2098,2153,,,,,,,,,1,80,,,,,,,,
虚拟包(E级多利可斯),1352,-1,-1,2132,2152,,,,,,,,,1,80,,,,,,,,
虚拟包(E级华可洛),1353,-1,-1,2128,2158,,,,,,,,,1,80,,,,,,,,
虚拟包(E级特雷吉洛),1354,-1,-1,2142,2167,,,,,,,,,1,80,,,,,,,,
虚拟包(E级特雷克洛),1355,-1,-1,2141,2167,,,,,,,,,1,80,,,,,,,,
虚拟包(E级沙列克),1356,-1,-1,2104,2157,,,,,,,,,1,80,,,,,,,,
虚拟包(E级西柏克),1357,-1,-1,2089,2194,2459,,,,,,,,1,80,80,,,,,,,
虚拟包(E级雷比特),1358,-1,-1,2086,2241,,,,,,,,,1,80,,,,,,,,
虚拟包(E级洛斯克),1359,-1,-1,2140,2155,,,,,,,,,1,80,,,,,,,,
虚拟包(E级立杜鲁斯),1360,-1,-1,1654,1729,1730,,,,,,,,1,80,80,,,,,,,
虚拟包(E级萨美洛斯),1361,-1,-1,359,1504,,,,,,,,,1,80,,,,,,,,
虚拟包(E级摩酷罗),1362,-1,-1,1635,1054,,,,,,,,,1,80,,,,,,,,
虚拟包(E级摩米索拉),1363,-1,-1,1634,1054,,,,,,,,,1,80,,,,,,,,
虚拟包(E级沙瓦列),1364,-1,-1,1628,1810,,,,,,,,,1,80,,,,,,,,
虚拟包(E级多洛布斯),1365,-1,-1,318,2181,,,,,,,,,1,80,,,,,,,,
虚拟包(E级多利诺布斯),1366,-1,-1,315,377,,,,,,,,,1,80,,,,,,,,
虚拟包(E级耶普鲁),1367,-1,-1,1607,1829,,,,,,,,,1,80,,,,,,,,
虚拟包(E级瑞德宝),1368,-1,-1,1603,1734,,,,,,,,,1,80,,,,,,,,
虚拟包(E级梅尔顿),1369,-1,-1,1600,1941,,,,,,,,,1,80,,,,,,,,
虚拟包(E级可卡特),1370,-1,-1,1597,1739,,,,,,,,,1,80,,,,,,,,
虚拟包(E级昆依特),1371,-1,-1,1595,1827,1739,,,,,,,,1,80,80,,,,,,,
虚拟包(E级鲁拉其斯),1372,-1,-1,1586,1737,,,,,,,,,1,80,,,,,,,,
虚拟包(E级特洛可斯),1373,-1,-1,1583,1748,1707,1090,,,,,,,1,80,80,80,,,,,,
虚拟包(E级贝洛波波),1374,-1,-1,1576,1856,,,,,,,,,1,80,,,,,,,,
虚拟包(E级贝洛贝),1375,-1,-1,1575,2041,,,,,,,,,1,80,,,,,,,,
虚拟包(E级贝洛洛克),1376,-1,-1,33,1070,,,,,,,,,1,80,,,,,,,,
虚拟包(E级比比加),1377,-1,-1,1568,1721,,,,,,,,,1,80,,,,,,,,
虚拟包(E级加格雷依),1378,-1,-1,1566,1224,1828,1720,,,,,,,1,80,80,80,,,,,,
虚拟包(E级加斯奥),1379,-1,-1,1565,1828,1224,1720,,,,,,,1,80,80,80,,,,,,
虚拟包(E级加加),1380,-1,-1,1564,1224,1828,1720,,,,,,,1,80,80,80,,,,,,
虚拟包(D级戈登尔顿),1381,-1,-1,1601,1189,,,,,,,,,1,60,,,,,,,,
虚拟包(D级西斯达),1382,-1,-1,2410,2436,2438,,,,,,,,1,60,60,,,,,,,
虚拟包(D级斯达克),1383,-1,-1,2409,2436,2438,,,,,,,,1,60,60,,,,,,,
虚拟包(D级史菲洛),1384,-1,-1,2418,2435,2434,,,,,,,,1,60,60,,,,,,,
虚拟包(D级史克杰),1385,-1,-1,2417,2435,2434,,,,,,,,1,60,60,,,,,,,
虚拟包(D级培罗多),1386,-1,-1,2348,2447,2446,,,,,,,,1,60,60,,,,,,,
虚拟包(D级克雷多),1387,-1,-1,2347,2447,2446,,,,,,,,1,60,60,,,,,,,
虚拟包(D级邦司凉朵),1388,-1,-1,1647,1038,1871,,,,,,,,1,60,60,,,,,,,
虚拟包(D级朵巴奈特),1389,-1,-1,1973,1940,1871,,,,,,,,1,60,60,,,,,,,
虚拟包(C级蒙奇),1390,-1,-1,1947,1707,1090,,,,,,,,1,2,2,,,,,,,
虚拟包(C级伦迪),1391,-1,-1,2480,1707,1090,,,,,,,,1,2,2,,,,,,,
虚拟包(C级人鱼摩米),1392,-1,-1,2144,2194,2162,,,,,,,,1,2,2,,,,,,,
虚拟包(C级人鱼摩米),1393,-1,-1,2145,2194,2162,,,,,,,,1,2,2,,,,,,,
虚拟包(C级人鱼摩米),1394,-1,-1,2146,2194,2162,,,,,,,,1,2,2,,,,,,,
虚拟包(C级人鱼摩米),1395,-1,-1,2147,2194,2162,,,,,,,,1,2,2,,,,,,,
虚拟包(C级帖尼龙蜥),1396,-1,-1,2066,1769,1712,,,,,,,,1,2,2,,,,,,,
虚拟包(C级帖尼龙蜥),1397,-1,-1,2067,1769,1712,,,,,,,,1,2,2,,,,,,,
虚拟包(C级帖尼龙蜥),1398,-1,-1,2068,1769,1712,,,,,,,,1,2,2,,,,,,,
虚拟包(C级帖尼龙蜥),1399,-1,-1,2069,1769,1712,,,,,,,,1,2,2,,,,,,,
虚拟包(C级黑乌力王),1400,-1,-1,2493,1726,1726,,,,,,,,1,2,2,,,,,,,
虚拟包(B级狮子莱欧),1401,-1,-1,2400,1934,1871,877,,,,,,,1,3,3,3,,,,,,
虚拟包(B级狮子莱欧),1402,-1,-1,2401,1934,1871,877,,,,,,,1,3,3,3,,,,,,
虚拟包(B级狮子莱欧),1403,-1,-1,2402,1934,1871,877,,,,,,,1,3,3,3,,,,,,
虚拟包(B级狮子莱欧),1404,-1,-1,2403,1934,1871,877,,,,,,,1,3,3,3,,,,,,
虚拟包(B级蝎子史卡),1405,-1,-1,2245,1748,1707,1090,,,,,,,1,3,3,3,,,,,,
虚拟包(B级蝎子史卡),1406,-1,-1,2246,1748,1707,1090,,,,,,,1,3,3,3,,,,,,
虚拟包(B级蝎子史卡),1407,-1,-1,2247,1748,1707,1090,,,,,,,1,3,3,3,,,,,,
虚拟包(B级蝎子史卡),1408,-1,-1,2248,1748,1707,1090,,,,,,,1,3,3,3,,,,,,
虚拟包(B级狼人巴肯),1409,-1,-1,1975,1709,1825,1748,,,,,,,1,3,3,3,,,,,,
虚拟包(B级狼人巴肯),1410,-1,-1,1976,1709,1825,1748,,,,,,,1,3,3,3,,,,,,
虚拟包(B级狼人巴肯),1411,-1,-1,1977,1709,1825,1748,,,,,,,1,3,3,3,,,,,,
虚拟包(B级狼人巴肯),1412,-1,-1,1978,1709,1825,1748,,,,,,,1,3,3,3,,,,,,
虚拟包(B级小蛇卡恩),1413,-1,-1,1900,877,878,1391,,,,,,,1,3,3,3,,,,,,
虚拟包(B级小蛇卡恩),1414,-1,-1,1901,877,878,1391,,,,,,,1,3,3,3,,,,,,
虚拟包(B级小蛇卡恩),1415,-1,-1,1902,877,878,1391,,,,,,,1,3,3,3,,,,,,
虚拟包(B级小蛇卡恩),1416,-1,-1,1903,877,878,1391,,,,,,,1,3,3,3,,,,,,
虚拟包(A级哈沃恩),1417,-1,-1,2503,1728,1727,1871,,,,,,,1,4,4,4,,,,,,
虚拟包(A级哈沃斯),1418,-1,-1,2504,1045,1710,1871,,,,,,,1,4,4,4,,,,,,
虚拟包(A级弗丽露),1419,-1,-1,2463,919,1891,1871,,,,,,,1,4,4,4,,,,,,
虚拟包(A级弗丽雅),1420,-1,-1,2462,1330,1123,1871,,,,,,,1,4,4,4,,,,,,
虚拟包(A级莱恩洛克),1421,-1,-1,2564,1917,1941,1871,,,,,,,1,4,4,4,,,,,,
