NomalMainMsg:如果你在英雄战场通过我们族长的考验，你就能凭证书来随机抽取一只宠！

EventNo:-1
TYPE:ACCEPT
EVENT:ITEM=20040
AcceptMsg:哦？你通过100层的考验了啊！
ThanksMsg:恭喜你完成任务！！！这是你应得的酬劳！
PetFullMsg:你的宠太多了，这样我无法给你喔！
DelItem:20040*1
GetPet:2288,2289,2290,2281,2292,2293,2294,2295,2296,2297,2298,2299,2300,2301,2302,2303,2304,2305,2306,2307,2308,2309,2310,2311,2312,2313,2314,2315,2316,2317,2318,2319,2320,2321,2322,2323,2324,2325,2326,2327,2328,1794,1795,1796,1797,2072,2073,2074,2075,2260,2261,2262,2347,2348,2349,2350
EventEnd

EventNo:-1
TYPE:ACCEPT
EVENT:ITEM=20037
AcceptMsg:哦？你通过40层的考验了啊！
ThanksMsg:恭喜你完成任务！！！这是你应得的酬劳！
PetFullMsg:你的宠太多了，这样我无法给你喔！
DelItem:20037*1
GetPet:1975,1976,1977,1978
EventEnd

EventNo:-1
TYPE:ACCEPT
EVENT:ITEM=20038
AcceptMsg:哦？你通过60层的考验了啊！
ThanksMsg:恭喜你完成任务！！！这是你应得的酬劳！
PetFullMsg:你的宠太多了，这样我无法给你喔！
DelItem:20038*1
GetPet:2400,2401,2402,2403
EventEnd

EventNo:-1
TYPE:ACCEPT
EVENT:ITEM=20039
AcceptMsg:哦？你通过80层的考验了啊！
ThanksMsg:恭喜你完成任务！！！这是你应得的酬劳！
PetFullMsg:你的宠太多了，这样我无法给你喔！
DelItem:20039*1
GetPet:2486,2487,2488,2489
EventEnd

EventNo:-1
TYPE:ACCEPT
EVENT:ITEM=20041
AcceptMsg:哦？你通过120层的考验了啊！
ThanksMsg:恭喜你完成任务！！！这是你应得的酬劳！
PetFullMsg:你的宠太多了，这样我无法给你喔！
ItemFullMsg:你的道具满了，请清理好了再来吧！
DelItem:20041*1
GetRandItem:20128,19313,19314,19315,20599,20600,20825,20826,20809,20810,20624,20614
GetPet:3089,3104,3091,2395,2396,2397,2398,2399,2404,2405,2407,2408,2409,2410,2411,2412,2413,2414,2415,2416,2417,2418,2419,2420,2455,2456,2479,2480,2486,2487,2488,2489,2490,2492,2493,2514,2515,2558,2559,2560,2561,2562,2563,2564,2565,2568,2569,2570,2567,2570,2571,2572,2245,2246,2247,2248,1946,2546,1558,1804,1926,1979,1980,1973,1947,1903,1902,1901,1900,1899,1898,1893,1845,1843,1816,1804,1802,1798,1682,1660,1657,1656,1655,1654,1653,1652,1651,1650,1649,1646,1645,1644
EventEnd

